0.7226552636155192  -4.407930211063971  0.7063934946510696
15.632927368231949  -4.483462380516308  0.7069915059959164
15.839079621208116	-4.561399692413897	0.708764545263553
16.078953201722737	-4.563643789762349	0.7068018552061104
16.353323750534173	-4.553341470799826	0.6990195052008643
16.562533895340863	-4.53010146054972	0.6579408744054389
16.814555377828597	-4.50532328205221	0.6066150336879351
16.975863236896895	-4.433545280249561	0.5549515335414658
17.21403091924637	-4.327602646270802	0.517412225145848
17.50553229831693	-4.186925982283538	0.45931321663241603
17.744344689697826	-4.005610842299217	0.4077963316687028
17.953433382981284	-3.7647582110789384	0.28638343627813356
18.09200931380567	-3.528299673629762	0.22130312304430663
18.149154416422373	-3.295275042789849	0.16743762810113222
18.252238630980166	-3.0515310218254412	0.09021910053503909
18.312379070340448	-2.779558118809543	0.047433484541648405
18.332588760380567	-2.5270389004409157	0.02691643633286125
18.343043641649366	-2.3085563625962515	0.007149936683905679
18.42899169127688   3.4973238056175924  0.007111296827238697
18.42899169127688	3.4973238056175924	0.007111296827238697
18.43792017219035	3.7413909216821963	0.0036673006687719793
18.432231154437943	3.9480500565847	0.03163006944907254
18.403159016693962	4.17127767887885	0.11253196305879436
18.33287572633586	4.399385747057397	0.16790030114774565
18.255504361146592	4.624746210363266	0.22181490145964874
18.141655434415863	4.854686152497993	0.2789094907049344
17.975569628819148	5.069715261649693	0.3560032150732149
17.779858194617162	5.273854552760186	0.4215658011884067
17.546513044408695	5.447503374666233	0.5148277729364918
17.303235980402953	5.575673201825482	0.5759295799729294
17.072802545034 5.6745594225415825  0.6010867998350757
16.83688219549138	5.793179281692081	0.6371793102038936
16.6075354099168	5.853091236429719	0.6843115222295185
16.373738739088786	5.9089280291497595	0.6930516772326335
16.160771433448918	5.972213489357014	0.695583693338082
13.519102410453758  6.3052543854112075  0.6984792646985054
13.519102410453758	6.3052543854112075	0.6984792646985054
13.296133504684438	6.307035411996978	0.7283578409222939
13.080723217424396	6.281074965229538	0.7708295509440616
12.892283058595279	6.23163063757263	0.829489158664493
12.669259152405186	6.115774184580541	0.8647113500228465
12.431404365139981	5.952402793663884	0.9020627723674087
12.221756519138161	5.765721151942202	0.9256847293982412
12.02875902029609	5.543112679753345	0.9580161229861107
11.901278722217386	5.302313018260015	0.9793727307190787
11.792984862055398	5.069901180669399	0.9901005743509214
11.730681475396832	4.84529854156281	0.9956543461824533
11.689106825965414	4.6140988111883114	0.9990583025898531
11.663744059170677	4.396663649012054	0.9999659253835536
11.617810216421965  3.2092987237294937  0.9999841763286708
11.617810216421965	3.2092987237294937	0.9999841763286708
11.621063993254339	2.977028964743607	0.9999945611786734
11.606351448007848	2.750315689901828	0.9996241915164276
11.560205026422441	2.495162694606885	0.9844031684985987
11.455054697981698	2.278032425621096	0.9489896716869085
11.245402460562195	2.080221845206208	0.8937905360800257
11.047617739675196	1.8872642027658182	0.8971783997834251
10.809781229564885	1.7457249819113434	0.8437185944065312
10.674613549917286	1.6051690515683228	0.7661062479481751
10.457040696567772	1.5697257888506575	0.7083403149892225
8.432777239366509   1.483217456659623   0.7102283560557363
8.432777239366509	1.483217456659623	0.7102283560557363
8.202377471633785	1.4883210910176188	0.7113535729304777
7.994005516662614	1.4881025134701817	0.7115632044283058
7.748747693975136	1.4912709900840486	0.7106662445425813
7.540435985826281	1.4830902919261566	0.7105126418882546
7.3372744973163755	1.4855975136671693	0.7107980644172323
7.130909351783504	1.4546545486768379	0.7985999918638459
6.928974309854267	1.3839159148559577	0.863264789841974
6.711563824796646	1.2402469441767419	0.894699855784026
6.535377130049969	1.0141018343156392	0.9631845600590209
6.424562748958385	0.7775830833697485	0.9784214093305459
6.295009032918482	0.534820054453258	0.9786452278590321
6.213487549534614	0.31615959709562774	0.9832540958643856
6.114243596149377	0.089463882078251	0.9899101279624107
6.063065018710232	-0.1644540230455702	0.9965226142425601
6.0633377323913775	-0.3839145107806582	0.9995795919708639
5.981338776251793   -1.7354957329788447 0.9999979951966711
5.981338776251793	-1.7354957329788447	0.9999979951966711
5.957168403660663	-1.9614469597993975	0.9999998444928766
5.929043918652246	-2.1727872246475135	0.9998575584139918
5.9163792953586585	-2.3926939082758345	0.9980096594322715
5.886094608445584	-2.6069609137516556	0.9935916202826311
5.793778890958041	-2.8320979026853004	0.9691703057722655
5.61011920983936	-3.0735764335140168	0.9027943504299898
5.390395570836958	-3.213766222746557	0.8277189763713911
5.178698299680788	-3.2874374748650994	0.7633551420035508
4.962615186546644	-3.3277555280115854	0.7046981697035205
2.454653446816294   -3.34598313623881   0.7054067577547527
2.454653446816294	-3.34598313623881	0.7054067577547527
2.251407700289643	-3.3470627576081546	0.6939749277538021
2.0675531858509912	-3.3224251213991676	0.636607534817536
1.8533161158018634	-3.2513238717360085	0.5229322257375224
1.6690506607149012	-3.098264457707437	0.4052864288132632
1.5099505876896675	-2.8878854249200807	0.24524734173011392
1.426109709187004	-2.6731896400000847	0.11059009835352657
1.4050696026947223	-2.4598341980480756	0.014513075534872506
1.3091448800647294  4.022268571986045  0.014876381167312297
1.3091448800647294	4.022268571986045	0.014876381167312297
1.283873384993602	4.272192356849026	0.013448441389184372
1.2740773488207782	4.4879751542843715	0.08864622166172424
1.355272183892986	4.722738986435177	0.25124953751465184
1.5084210789146777	4.9705665098451535	0.3593691045866783
1.7045837884160115	5.141205544779308	0.4968083486407419
1.9146480775332526	5.22769154588234	0.6186788919216301
2.126876458652028	5.281663235960833	0.6763728895157325
2.336022094836758	5.307130283827642	0.7061960963774306
5.076837896172525   5.322781598121566   0.7111176313450268