-1.2672863722546026	-5.425070204306394	0.021397033723022454
-1.1944672586396337	-5.425130765419453	0.022100639787113345
-1.1342424873146228	-5.425115026067942	0.022379738780749142
-1.061597059830092	-5.425045887008309	0.023030615996390738
-1.0077392564853653	-5.424965777434409	0.02315418471548278
-0.9255796783836558	-5.424826541449875	0.023216505987454186
-0.8717031007399783	-5.424731173552573	0.023248995311327108
-0.7963651523459703	-5.424595275893807	0.02333847778350731
-0.7313318357337266	-5.4244727292098105	0.02338854519124462
-0.6743863328592852	-5.424363534897566	0.02341357688216091
-0.6235374924144708	-5.424263395369053	0.023462048175315144
-0.5648028363357298	-5.4241451430134475	0.023489212642744076
-0.5020995857194066	-5.424014965072274	0.02353022562343352
-0.4460675230366178	-5.423898137640208	0.023554195563729435
-0.38847847026772797	-5.423779406119138	0.023603196362178457
-0.3296536323032342	-5.42368737841025	0.02390786091536963
-0.25897170323878527	-5.423505703918636	0.024048476958164776
-0.1978720087208785	-5.423345483839512	0.02412517439012215
-0.14443102036602795	-5.423200526274741	0.0241406198621512
-0.08898906700778753	-5.423050801735371	0.02419122087248694
-0.02818697865586728	-5.422883429098874	0.024223711680817883
0.02474288735538721	-5.422735606785864	0.024255670829688186
0.08017532783560455	-5.422578254248947	0.024272184286048718
0.13265224260976538	-5.4224285264499485	0.024297747245077325
0.18706117977853864	-5.422278800047934	0.024312661138882228
0.24356762011302635	-5.422155298758298	0.024766464363843412
0.3346486873924732	-5.42185918148607	0.02523411632057263
0.4211106493603438	-5.4216732159256935	0.022521952753883624
0.4950321209616959	-5.42168609239161	0.021725665488809717
0.5585720428498462	-5.421681800391525	0.021403957783603725
0.6142785437405109	-5.421681322623044	0.021437513037393954
0.6791548604378477	-5.4216822776943445	0.021474795515910552
0.7404148469795473	-5.421709932386875	0.021738983509887934
0.8030150422127917	-5.421720421873033	0.022070281056371675
0.8798108574701473	-5.421694674529135	0.022428208922313588
0.9701574334758334	-5.4216207643039525	0.022737664280017836
1.0772480246378109	-5.42147866403684	0.02300558383827363
1.1706126224598847	-5.421329893171787	0.02307588893605829
1.2575939180678688	-5.421186364721507	0.023130750174928594
1.3412390248849988	-5.421059048268944	0.022411697433484423
1.412384677969385	-5.421045696828514	0.021911557491636563
1.4792068490060046	-5.421016613021493	0.021858824290953274
1.5394258985179476	-5.420989909209311	0.021890250592472592
1.6172392853768542	-5.4209579597227275	0.02195097185654029
1.6867899195640348	-5.420924105681479	0.021994113582510643
1.7452105757547542	-5.420893112197518	0.02204684513009035
1.7988384242053144	-5.420861637685448	0.022081997933340012
1.8589633002411574	-5.420823972206563	0.02212088132509532
1.9248829361167736	-5.420779148116708	0.02215443788099756
1.9904150259681046	-5.420758166350424	0.021783189804302872
2.0464079870143905	-5.420735278632492	0.02179277889453675
2.101954985759221	-5.420715725515038	0.021813018960354577
2.1679320812691003	-5.420714294537902	0.02209904295698844
2.2238038078066893	-5.420674242079258	0.022111292758131274
2.287785577471368	-5.420629896223545	0.02216402292824466
2.3425868049962446	-5.42058983957395	0.022192255325970894
2.4019749654689804	-5.4205450168810785	0.02222420813071428
2.4620454789837822	-5.4204973336309195	0.022248180897210822
2.535132455639541	-5.420469201635569	0.022407967103233346
2.6193931595189497	-5.420402921270579	0.022837271415277235
2.705271769897081	-5.420261306222528	0.02312329462772829
2.778502512257546	-5.420137324836105	0.02319732966734389
2.8432834620471112	-5.420024794060737	0.023245264905372327
2.8975787642411888	-5.419962326064706	0.022696654986816896
2.9615869999397546	-5.419887461233884	0.022630607716639405
3.0307119369972497	-5.419803538359702	0.022660970180704832
3.0833850383060053	-5.419776359573007	0.021577061556496243
3.1397560118348338	-5.419814505148679	0.021092366785132013
3.192160655395128	-5.419830237980932	0.02110834731815675
3.266288567625452	-5.419892229139805	0.021452960391035596
3.3557677743956447	-5.419918454717845	0.02194244919916409
3.4440784938051365	-5.419866002630442	0.02217574122350977
3.5216598990373313	-5.419809739571065	0.02224232119365115
3.5881870271405205	-5.419758239760995	0.022264157763662987
3.6462378979776986	-5.419706261251122	0.022334998743708562
3.6968427180545405	-5.419729623943567	0.021191437559317718
3.756239462294616	-5.419758238829672	0.021001820745892876
3.820630836300552	-5.419782554730773	0.02101886398905922
3.892041494080331	-5.419824996963143	0.021051356613292913
3.966615009936504	-5.419884121976793	0.021622337432074232
4.054238366545178	-5.419863144867122	0.021725135538718795
4.127171087544411	-5.419837393332273	0.021851370905634843
4.191684772085864	-5.419812120962888	0.021890782804273735
4.248214294202626	-5.41978017333895	0.021826334850880116
4.313014078885317	-5.41985933156684	0.020626847419634074
4.37527566117933	-5.419905581977218	0.020614063724532557
4.427021551004145	-5.419947542250156	0.02063856577511439
4.488520669634454	-5.420028128661215	0.020785569058624505
4.554622699157335	-5.420062459539622	0.02108491058244834
4.6150503642857075	-5.420086781028658	0.021132848241139267
4.665803480253089	-5.420129694975913	0.021293702163710654
4.735047389171086	-5.420160212554038	0.021704359312491324
4.786187696096022	-5.420146385207772	0.02179437854320854
4.8367043025791645	-5.4201273107901216	0.021836988446166432
4.896312760771252	-5.42010442353785	0.02188545925344074
4.9533548838226125	-5.42008058167994	0.02194138318350211
5.027246046811342	-5.420044340658933	0.021999973867507152
5.089376020303462	-5.420010007917881	0.022048443193530224
5.169535208726302	-5.419991889502853	0.022326475783610727
5.237863112648483	-5.419958987273276	0.022647652878569957
5.302868891158141	-5.419889370445162	0.022896927264737497
5.360400247154757	-5.419806399382651	0.022929415095907166
5.41710572282318	-5.419721522368491	0.02301729926247002
5.498691131011583	-5.419594204518944	0.02308334763206309
5.5567541609634645	-5.419500746764243	0.023127552832782488
5.635599185246974	-5.419371998868883	0.023191471060574387
5.736508893663995	-5.419229423161596	0.023556859802294577
5.802794982213527	-5.419107357505709	0.023866315247968898
5.870803405356128	-5.418958583381027	0.023958995151638785
5.922049094457179	-5.418835082091391	0.024134763953596646
6.027268933947198	-5.418548498768359	0.02437711143233314
6.10295491234865	-5.4183277282863855	0.024451147908288944
6.167853881372139	-5.418132699560374	0.024489496980563828
6.2337670818087645	-5.417931952513754	0.02454382249207359
6.290311861783266	-5.4177588620223105	0.024578979487809773
6.348753023077734	-5.417577184271067	0.024631177015702957
6.429220248188358	-5.417323026806116	0.024663667172611956
6.48797564569395	-5.417134205810726	0.0247254519473759
6.56764702842338	-5.416873851791024	0.024803749423483807
6.624723958550021	-5.416684070136398	0.02484742234665442
6.676402140175924	-5.416509544011205	0.024875122994064518
6.746539163694251	-5.416268268600106	0.02493530966414442
6.808509875903837	-5.416052736341953	0.024964604955012234
6.861444997310173	-5.415865341667086	0.025004549542423773
6.9184532654471695	-5.415661729872227	0.025030650621490836
6.973004865460098	-5.415465272497386	0.025053556113277076
7.027600813598838	-5.415265953633934	0.025069533529050347
7.079042482888326	-5.415077604353428	0.025089241951782422
7.129382181563415	-5.414891640190035	0.02510575047629262
7.183606672508176	-5.414690412115306	0.025119066820240336
7.237753439752851	-5.414531148504466	0.025265539212248916
7.308621454692911	-5.41425267746672	0.02575662721828536
7.360301065258682	-5.414029994048178	0.025812552301984672
7.4241924762609415	-5.413750564679503	0.025846641851191638
7.483810473117046	-5.41348782973364	0.025896711117748737
7.534149218292441	-5.413272775709629	0.025829067753497997
7.588509607012384	-5.41303292568773	0.025814683523106213
7.645515490672551	-5.4127821126021445	0.02584025256867641
7.698692370089702	-5.4125713487155735	0.025519604771794366
7.749320078175515	-5.412361063528806	0.02538964491087345
7.802485515247099	-5.412191309966147	0.024953949583273537
7.857536364928819	-5.412010589148849	0.024746226158624943
7.910966444411315	-5.4119099751114845	0.02356964197766376
7.964854288380593	-5.411881366278976	0.022144316238786512
8.026035357557703	-5.411849895492196	0.022324879408346203
8.087516832980327	-5.411821760702878	0.021785854084229322
8.144342470273841	-5.411823190748692	0.021413010122580626
8.196987199189607	-5.411833679769188	0.02128464878694786
8.251410533557646	-5.411841311026365	0.02130009624879684
8.303149272396695	-5.411870398558676	0.021332052137130963
8.364652681804728	-5.411884704604745	0.021784790898162553
8.424737025867216	-5.411863243672997	0.02183059380486569
8.484771777526475	-5.411900437902659	0.02072272075897045
8.538395930198021	-5.411943827755749	0.020543224015545567
8.590580033953302	-5.412145531736314	0.017812418274480397
8.65763478243025	-5.412545601371676	0.0156611158384723
8.714781808899716	-5.412946144118905	0.014311426456272758
8.765502978640143	-5.413307583890855	0.014185191101857925
8.821833657682873	-5.413713849615306	0.014199574187164526
8.876331376784947	-5.4141062842682	0.014217151302746308
8.927800226141699	-5.414475360419601	0.014228869145964163
8.993543672375381	-5.414989392273128	0.014377472004820712
9.04355816997122	-5.41536227427423	0.01480571053170969
9.109528590459377	-5.415811455342919	0.015448595122778849
9.176837970153429	-5.416210568509996	0.015431020068116348
9.233474780630786	-5.41654817154631	0.015509316272644263
9.286739396979101	-5.416863358579576	0.015576428099823288
9.337920236284845	-5.417166148778051	0.015610516680491635
9.40593533590436	-5.4175891042687	0.01571810844157622
9.480489778856281	-5.418034472037107	0.0162038696965351
9.54948907054495	-5.418417368549854	0.01640839996614961
9.648729373293463	-5.4189299726858735	0.016678443498217947
9.703962374420371	-5.4192003374919295	0.016828115999352643
9.808988620294258	-5.419677652418613	0.016918130069022964
9.862891245633364	-5.41991988895461	0.01695061846631792
9.930033732904121	-5.4202207727357745	0.01700335154918369
9.999572801869363	-5.420529760885984	0.017037970552887256
10.05998043983709	-5.420796310529113	0.017090700220330306
10.12082295579603	-5.4210638189688325	0.017125855198065275
10.193260241299868	-5.4213785314932466	0.01717698872079223
10.273256351181772	-5.421721377875656	0.01725581691794548
10.370209741697181	-5.422130503691733	0.017323996026207517
10.429898309870623	-5.422378458548337	0.017380986365920652
10.492096949368715	-5.422632611356676	0.017427325464115927
10.546314287930727	-5.422851477749646	0.017465141925673684
10.604692507127766	-5.423084181267768	0.017501360246059004
10.659954118193127	-5.423302570357919	0.017530123837388827
10.714101839927025	-5.423512855544686	0.017549296168812595
10.76958661165554	-5.423727907240391	0.01758019181563874
10.819755603384692	-5.423920552246273	0.01760096332692206
10.881026315968484	-5.424152771010995	0.01762440136345799
10.940496493596584	-5.424338261131197	0.018198043314522967
10.997468997607939	-5.424532331991941	0.018242252132619468
11.051617670571432	-5.424745000898838	0.018669956350446913
11.145329524530098	-5.425030626356602	0.019190870218040716
11.227967310231179	-5.42522136028856	0.01978528708172975
11.312549639143981	-5.425370133947581	0.019958394785089057
11.387898492743261	-5.425484100822359	0.02003455920127655
11.441837358870544	-5.425561347510666	0.020105932169888555
11.519323397194967	-5.425668160431087	0.020152270355753073
11.601749468361959	-5.425776876043528	0.020219382345108457
11.679832507739775	-5.425874624866992	0.020275310169567292
11.74341492599342	-5.425961889792234	0.0203477473698402
11.84023861901369	-5.4260992160998285	0.020674784696133448
11.900491761858575	-5.426155963446945	0.02111260467308429
11.970871018944308	-5.426196493208408	0.02131074941404981
12.068218280561268	-5.426204120274633	0.02150995258429087
12.158241320867091	-5.42619792278856	0.021563748419439546
12.240078020491637	-5.426187911070883	0.02161754319059548
12.299806642229669	-5.426179325673729	0.0216697408633149
12.353481341560837	-5.426168836187571	0.02170382916272693
12.4195938592311	-5.426153578795493	0.021767742950890668
12.477009820751846	-5.426138319540769	0.021810887345612547
12.53151517023798	-5.426119247917086	0.021838053249364584
12.601493882772047	-5.426091586705297	0.021906762835745396
12.687607812462375	-5.4260849128477275	0.022184264777604507
12.745172549854033	-5.426062025129795	0.02249638568763182
12.80883031047415	-5.426014342810959	0.02249638568763182
12.884453820763156	-5.42593136895448	0.022981082529638684
12.96211438300088	-5.4258259907364845	0.023134479839635905
13.01749234343879	-5.425742546096444	0.023302791644777922
13.140383768361062	-5.425521291792393	0.023514245837130278
13.196399737906177	-5.425404943525791	0.02356644357637372
13.308063555101398	-5.425165575463325	0.023629296511085186
13.35925965307979	-5.425053515471518	0.023666043848449662
13.459912349120714	-5.424829399678856	0.023719308824160897
13.529867221601307	-5.424671093467623	0.023772039301533186
13.59461979859043	-5.424521841108799	0.023807192337906135
13.655619668774307	-5.424379267729819	0.02385938895652014
13.711800622753799	-5.424245277419686	0.023894013070394814
13.782578517333604	-5.424074570648372	0.023960590515160387
13.846753169316798	-5.423915304243565	0.02399148464229911
13.902664233464748	-5.4237746386788785	0.024034626906073386
13.953104067128152	-5.423644460737705	0.024097477875585714
14.020127344760112	-5.423468032386154	0.024139556780565116
14.088248301646672	-5.423284451942891	0.02419867852775311
14.162657786568161	-5.423080363776535	0.024243418505998753
14.21830277441768	-5.422924912068993	0.02427697651738716
14.278391887084581	-5.422755157575011	0.02430680238578958
14.336627054493874	-5.422606384847313	0.024469255105312705
14.400688219466247	-5.422442355658859	0.024777118283108603
14.452602434903383	-5.422268309164792	0.02489589495899997
14.524928140977863	-5.422015108168125	0.0249981589883958
14.586659479071386	-5.421794332098216	0.02505089018705696
14.640544940019026	-5.42160026030615	0.025105217679887652
14.702831317204982	-5.421372331213206	0.025146766354909814
14.765996981295757	-5.4211415415629745	0.025091902088329857
14.817503024358302	-5.421027101110667	0.024224242990286332
14.86789517372381	-5.42088500643149	0.024193885538475676
14.920756389037706	-5.420736231841147	0.024053806155424434
14.97381119756028	-5.420681397430599	0.02306310798652126
15.035293626366183	-5.420613205991685	0.023310782225182868
15.097662020125426	-5.420527852606028	0.02378109555126264
15.183648158796132	-5.420324241742492	0.02411026065586131
15.24366383702727	-5.420162597671151	0.02417790562496045
15.324073840514757	-5.419942299369723	0.02420560449195837
15.393476534751244	-5.419807352125645	0.02333421575301219
15.453867007163353	-5.419752515852451	0.022578947329630974
15.509838152152952	-5.419691004790366	0.022530474684435604
15.567928361939266	-5.419626631308347	0.02255177853895763
15.621935893082991	-5.419573225080967	0.02206016017141695
15.679065753356554	-5.419647134840488	0.020869726222946368
15.72941784944851	-5.419672884512693	0.02083457340042223
15.780400325311348	-5.419710551388562	0.020932578821958564
15.840622949646786	-5.419782078359276	0.021391705343883977
15.906177568482235	-5.419787804130465	0.021434849805568364
15.961654711514711	-5.419787329155952	0.021490242255726533
16.013698625843972	-5.419785894919187	0.021508351524210514
16.068180132075213	-5.41978207975626	0.021540310088754042
16.122354554594494	-5.4197754063643515	0.021596236747371385
16.178297091973945	-5.419767300598323	0.02162819447667012
16.23385625053197	-5.419756808318198	0.021652698966117906
16.31219296407653	-5.419779221061617	0.022002637198173556
16.401441621710546	-5.4197315336205065	0.02236908996080546
16.481220294488594	-5.419656673911959	0.022426077597079933
16.54927639919333	-5.419589916244149	0.022492124052394754
16.608303117682226	-5.419528398662806	0.02251982342205123
16.66124158015009	-5.419470707885921	0.022570955337650307
16.72139553981833	-5.419402993749827	0.022610368235427922
16.787262010970153	-5.419325746130198	0.022643924512212473
16.83731465478195	-5.419264710042626	0.022666828195875434
16.890672732610255	-5.419199384748936	0.022691330555714265
16.941408205777407	-5.41913453862071	0.022708373481613163
16.997407961345743	-5.41906158067286	0.022725950012665603
17.050043155206367	-5.418991482350975	0.022743529179173383
17.1088886752259	-5.418912331108004	0.02275630893681371
17.16251950332662	-5.4188393745571375	0.022766964276581175
17.21467404451687	-5.418767370749265	0.022777616043886832
17.266218234144617	-5.418695844244212	0.022786136509264615
17.31696705898503	-5.418624798767269	0.022791464888537817
17.369005251151975	-5.418553270865232	0.022797854723418658
17.419694948534016	-5.418427386786789	0.023876438725960722
17.469783831737004	-5.417112747672945	0.04675139646356602
17.520023395249154	-5.412551797926426	0.09915175912493095
17.57024388265563	-5.407237447798252	0.1180373030007527
17.624116946244612	-5.402052320539951	0.11833450311238322
17.67862134054303	-5.396662628278136	0.1228576142247234
17.732910204620566	-5.389814296737313	0.13860063540682702
17.783517886593472	-5.383361256215721	0.15418385642130975
17.83869366813451	-5.373189843725413	0.1889876223663812
17.889463472296484	-5.363395133521408	0.20908968691775787
17.943800019915216	-5.35048858076334	0.2526302778815463
17.993276643159334	-5.335710922721773	0.2993117274515311
18.041320848395117	-5.320282855071127	0.3305112138143399
18.088729906943627	-5.303449549712241	0.38427190470789274
18.139131593168713	-5.280529893934727	0.4495369111313712
18.192878771340474	-5.256028095725924	0.45524724513983084
18.24489407648798	-5.230740463361144	0.4731506308044851
18.295274783857167	-5.20637265779078	0.4738601080694576
18.3420143610565	-5.182123100850731	0.5058463025114421
18.394807862932794	-5.150347150862217	0.55032158415636
18.437780428037513	-5.1240166812203825	0.5697317349535248
18.479724931763485	-5.096767822280526	0.5924832294567064
18.5234985826537	-5.065399565733969	0.6373988721324837
18.56560139602516	-5.034894862677902	0.6455583998770221
18.613887835177593	-4.997087395749986	0.67819757376992
18.659025241213385	-4.959876930806786	0.7112600962755189
18.698946046933997	-4.925432601477951	0.7329739402237514
18.739040423824918	-4.889847197104245	0.7482238245031531
18.794096040190198	-4.839148439001292	0.7631385136351931
18.839439439761918	-4.79499141080305	0.802265640563384
18.88400464114966	-4.747648158110678	0.8364085201153519
18.925256777496543	-4.699781337287277	0.8773816780086885
18.95808415481588	-4.659366048872471	0.9011216222329258
18.990545321838	-4.617348589003086	0.9360820825314177
19.019619035883807	-4.575790802482516	0.9711835890597438
19.052858400624245	-4.525793948210776	1.0024619502642351
19.083269166585524	-4.479755321051925	1.024303027596683
19.111290025583003	-4.431260028388351	1.055201013183275
19.13986210944131	-4.381930268835276	1.078726362476893
19.167135286261328	-4.328743377700448	1.1207791699086125
19.188207674538717	-4.283247391693294	1.1500947656752523
19.207819034170825	-4.23632994806394	1.1863734274636641
19.226562548719812	-4.189022936858237	1.2059326997410496
19.246377994073555	-4.137394821736962	1.2191631741887043
19.263708163867705	-4.0896872682496905	1.2399241765084015
19.280014086107258	-4.0412258305586874	1.2624157730682977
19.294412661576644	-3.9923326149582863	1.2978298725733781
19.306369830621406	-3.940690672956407	1.3745587841101647
19.31945805659052	-3.874579585622996	1.4031421037289105
19.328279544599354	-3.8241142383776605	1.4169626585297923
19.33814816433005	-3.7667667055502534	1.4245718012861321
19.347267200006172	-3.7082435241900384	1.4383372727940489
19.354253817989957	-3.6536528267897666	1.4619797264032206
19.359844256658107	-3.599769748747349	1.4833154084237383
19.36485676886514	-3.5462323809042573	1.4961202235210609
19.368402529042214	-3.491512216627598	1.523933274755502
19.371866275090724	-3.4413055540062487	1.5248453437247516
19.37485509022372	-3.3730758824385703	1.543176307560242
19.37633519183146	-3.316129128448665	1.5721002508537274
19.37609486549627	-3.2601203084923327	1.5922757713552307
19.376018571318127	-3.207997954916209	1.5947350499339221
19.375902223866433	-3.153666650876403	1.5947574507434865
19.3764172072988	-3.1023086681962013	1.5841377115863766
19.376821565325372	-3.0515855941921473	1.584103763650386
19.377227832213975	-3.0014361538924277	1.5841135728935483
19.37786297907587	-2.9495076327584684	1.5799438629526212
19.37891774176387	-2.8951300773769617	1.5743462839112299
19.380006838066038	-2.834999477956444	1.5745099835246363
19.381153155642096	-2.770054974127561	1.574536546499596
19.38192372478079	-2.7197224283590913	1.5745665852130037
19.38248066941742	-2.667454161681235	1.5811535201518658
19.38275723415427	-2.614073432981968	1.5857394196682175
19.38310437265318	-2.561706939712167	1.5862608866129801
19.383461047604214	-2.5076290764845908	1.5862727209383363
19.38390736654401	-2.4386746077798307	1.586557210528641
19.384307908825576	-2.368450084235519	1.5869260529255413
19.38464169477811	-2.306417146231979	1.5869772683972803
19.384923983656336	-2.2527450718916953	1.5870236106694178
19.38525013939943	-2.1900622034445405	1.5870588506118335
19.385673572309315	-2.11204353813082	1.5872333821403037
19.386152315710206	-2.024407305754721	1.5874285191142419
19.38643841771409	-1.965105453506112	1.5880354635631022
19.38670735352207	-1.9023865857161582	1.588281899679959
19.386951493972447	-1.8404105110093951	1.5883126054344419
19.387168932473287	-1.784265557769686	1.5883360465252059
19.387374925485346	-1.7310606590472162	1.588434085502673
19.387676287442446	-1.6526959291659296	1.5884974566693475
19.38788991072215	-1.5966114164330065	1.588539403223879
19.388162662042305	-1.5215453272685409	1.5885779939156477
19.388402986340225	-1.4569735913537443	1.5886598482994372
19.388740587746724	-1.3718207273632288	1.5888250059512075
19.388965655467473	-1.3013536115176976	1.5890838732967743
19.38914113107603	-1.2447376628406346	1.5891500093499311
19.389307070581708	-1.191020171623677	1.589176924755146
19.389526414859574	-1.1195911564864218	1.5892373169709293
19.389768649067264	-1.0388561892323196	1.5893120016517313
19.389997530146502	-0.9695887952111661	1.5894882707919018
19.390207338845357	-0.9018029347062111	1.5899120808122502
19.390432407089975	-0.8159577641636133	1.5900294516793367
19.39063077024184	-0.7226557484827936	1.5905277976104084
19.39073376788292	-0.6656534438952804	1.5906135807349622
19.390823413501494	-0.6133158593438566	1.590839554328821
19.39092640898889	-0.5505044236779213	1.5909233918513264
19.39101605536416	-0.48979193810373545	1.5910077111431176
19.391096163890325	-0.43086699582636356	1.591263236654979
19.391183902160265	-0.35587758710607886	1.5914315179738987
19.391309785773046	-0.22127821436151862	1.591675574141047
19.39135556377005	-0.14080152800306678	1.5917544367339742
19.39141659718007	-0.00035026948899030685	1.5917278435355133
19.39144902396947	0.07101273490116	1.5917492453420565
19.39147954067448	0.14141549915075302	1.5917779892618589
19.39150433661416	0.20261005079373717	1.5918280070696351
19.391532946785446	0.2677766880951822	1.5918449682557876
19.391555835027248	0.33311178628355265	1.5918449682557876
19.39157681481447	0.3883272921666503	1.5918803540764983
19.391595888824668	0.4461246053688228	1.5919323421958653
19.391613054904155	0.5029898500069976	1.591968563645657
19.391630221216474	0.5807095407508314	1.5920209723729117
19.391653108235914	0.6686809253878891	1.5920564439154457
19.39166264497908	0.7296202410943806	1.5921093074431958
19.391674090526067	0.7945376271381974	1.5921444607794504
19.391679813095834	0.8595187277533114	1.592197805792155
19.391685535083525	0.9283930882811546	1.5922497194914944
19.39168744208291	0.9848987064324319	1.5923009163349962
19.391689349198714	1.058445058297366	1.5923489900273622
19.391681719804183	1.1174456691369414	1.5923919394046995
19.39167599682696	1.172763072885573	1.5924320188292655
19.391664552967995	1.2426730026490986	1.592499185115973
19.39165120193502	1.293054184410721	1.5925351727253478
19.39163785020355	1.3569043492898345	1.5925663264952858
19.39161686960142	1.4205845217220485	1.5926153596244392
19.391595888126176	1.473814568016678	1.5926386868200118
19.391559648909606	1.5432815197855234	1.592681212065193
19.391527224041056	1.6013335809111595	1.5927063518158737
19.391540574724786	1.6736082639545202	1.5931670541649912
19.391510058369022	1.735153638292104	1.5935419088827478
19.391454745433293	1.792913876939565	1.5937965270313066
19.39132504502777	1.8710649837739766	1.5939777486883722
19.39117817848455	1.9569136747159064	1.5940661837201917
19.39103894290747	2.0312829804606736	1.5941454661113612
19.390859651495703	2.1253226632252336	1.5942109192706986
19.390750933613162	2.180978379677981	1.5942654797047906
19.390646029554773	2.235032402444631	1.5943096068292522
19.39053349592723	2.288368785288185	1.5943452692342805
19.390390444314107	2.3572681746445596	1.594385068310873
19.390276002814062	2.410640080925077	1.5944154866936915
19.39019017247483	2.4647050695493817	1.594662072930089
19.390075731498655	2.5220044497400522	1.5948799620942724
19.389823962002993	2.6123588904738426	1.5951075306903668
19.38960270921234	2.689054330345243	1.5952006347761554
19.389406252244953	2.756105264183134	1.5952517168463667
19.389230776694603	2.814561444334686	1.5952943571427756
19.389072465943173	2.866551958024502	1.5953284686801283
19.388893174764235	2.9254930815659463	1.5953614346112674
19.38869290438015	2.989492258988321	1.5953988553057894
19.388532685814425	3.0397785510867834	1.5954232254922471
19.388362932717428	3.0923624862916768	1.5954444994804968
19.388198900967836	3.143314443062991	1.5954633335271942
19.38801198103465	3.200989088509232	1.5954812283639486
19.387832689273637	3.2557969889603555	1.5954968838456873
19.386978197610006	3.309649786911905	1.6095832451490322
19.384996461565606	3.3611639365553856	1.6320823400134223
19.381685304862913	3.414844118990004	1.648285240775661
19.37871174875181	3.4685490927658975	1.6483717976006942
19.372612047824077	3.526534162927419	1.6897772800251696
19.36677556025097	3.5767370094545186	1.717733815910686
19.359794665884692	3.627979602199048	1.7234957392628307
19.352417040267028	3.6842799982987344	1.7236054759486201
19.344829607522115	3.7350500440225005	1.7388589050795016
19.33570103731472	3.787193142808974	1.7654198541170907
19.32637410319876	3.8392475498840213	1.7709901545325517
19.314664887962863	3.892609196715057	1.7987241793641997
19.304378558532335	3.941955169662833	1.7992573202289313
19.292306948511396	3.9988487591035664	1.8064079099824675
19.274841356731486	4.065637671388686	1.8405450227030853
19.259786654496565	4.115739904344082	1.873484672822437
19.242847491870634	4.167523463722318	1.9071539438210259
19.224052477860823	4.218342383392155	1.9426172500982186
19.20458035520278	4.268165668472648	1.9675668265202793
19.18323903210694	4.3178664073348045	1.9932106932908895
19.158601809409447	4.36846645642072	2.036792050161839
19.132009553955868	4.416242205072194	2.0913286124913606
19.10112576605752	4.466320593375713	2.1339635833362904
19.06901936477516	4.518481335602701	2.1524266359194564
19.036377001728397	4.566143114119768	2.187988993668715
19.004505206248723	4.608099065255374	2.234804943090582
18.9712238793727	4.649199087172747	2.2720311011123733
18.93772893107962	4.686566910240799	2.314269991230479
18.898487140366342	4.729337295517325	2.3331973481360997
18.863559770048596	4.766832430381328	2.341433953645033
18.82559399737511	4.8041940541006625	2.3774721007769304
18.77667431894224	4.850750050041825	2.399273431166438
18.72873501922004	4.89674385683611	2.4004418177738898
18.684904147288762	4.935485447291285	2.4486918214000553
18.641502427402884	4.9719620533287525	2.4647941435536427
18.59184079169063	5.007950386498123	2.5247049322559914
18.547227908624336	5.038263877853751	2.566032467612125
18.504211474210024	5.065924727357924	2.5858140430379852
18.46131138817873	5.093928418122232	2.5861318116057355
18.41272740403656	5.124056898057461	2.608971668715586
18.36630635370966	5.150909027084708	2.6404895326902857
18.32212262263056	5.175743659492582	2.646380441973083
18.269020127947442	5.2059355597011745	2.646546537527987
18.215240526362322	5.2340432037599385	2.6755027698740697
18.16908650402911	5.25666626309976	2.7058518447121185
18.11769490223378	5.279332241974771	2.7438538161235937
18.07091527141165	5.298929774202406	2.7683155907766377
18.02108960278565	5.317443449981511	2.8019485583405808
17.971950580307748	5.33437498472631	2.826662060569265
17.920696307555772	5.350236021913588	2.8929939323995253
17.86318020778708	5.363415798638016	2.9260229948380645
17.8047485841671	5.37604530993849	2.9488446324541173
17.745300340349786	5.388659559655935	2.9623289239115635
17.68902974075172	5.397929273080081	2.9974288811939074
17.639070559642278	5.405332647729665	3.014166111227752
17.58909993141424	5.410551154054701	3.047581676407953
17.539012958179228	5.4150133933871984	3.0721666783251425
17.48909192183055	5.418373667635024	3.094993106358134
17.43791203474393	5.4213276715017855	3.101122383819931
17.386632967740297	5.424203475005925	3.105534080656859
17.32014851598069	5.427429758012295	3.1239264010351477
17.266792346024886	5.428182202856988	-3.136230294133809
17.213695574435405	5.427194674499333	-3.1126804332025166
17.162965822324622	5.4268837799318135	-3.1123931399126117
17.10571484535467	5.427198010496795	-3.1248274494045094
17.052888918144163	5.427951421122998	-3.1354678308061734
16.998683977522887	5.42873485898599	-3.135805671173865
16.947370577719994	5.429529270157218	-3.135796134551986
16.893047381658107	5.430377565789968	-3.1357870741316978
16.822528887889348	5.4315315103158355	-3.135457341197567
16.7484150416567	5.432675922755152	-3.134676520222446
16.68980412639212	5.433543284889311	-3.134313170814639
16.61747555702459	5.434572301805019	-3.1341901470508815
16.540662814688403	5.435651859268546	-3.1341102769251985
16.470663119573146	5.436629852745682	-3.1340799971998075
16.41804890765343	5.437364183366299	-3.134003941238987
16.354173708125018	5.437673647888005	-3.124592845111919
16.29673581221141	5.437978824600577	-3.121414483697051
16.24508671904914	5.43796166125685	-3.1207101979827705
16.180339861661196	5.436735708732158	-3.109298705191466
16.1259079456795	5.435666166245937	-3.0957047939163855
16.069519090116955	5.434358200989664	-3.095565791200854
16.01664738729596	5.433667265344411	-3.1055679305846295
15.957037974963896	5.432773195207119	-3.1063392168623136
15.900478411698714	5.43199309008196	-3.1063249102946724
15.846849490772001	5.431247318163514	-3.106312040531179
15.791564989078324	5.4306851220317185	-3.109180450415103
15.738610315776896	5.430204948876053	-3.111533638959835
15.688331651967019	5.430086695123464	-3.11731934112374
15.627713251509704	5.429963666945696	-3.1170697211621707
15.551694917317946	5.429723346140236	-3.116619586838811
15.479541826876812	5.42946441937238	-3.1165504458722366
15.426347780332435	5.429271779488772	-3.1164922744172925
15.347503711353056	5.428982816170901	-3.116441249031334
15.287354518542998	5.4287591790780425	-3.116402624908339
15.231507350166794	5.429402907844633	-3.1300724180931243
15.176843690336682	5.429955086670816	-3.131829086775575
15.120688487193547	5.430595004465431	-3.1318257494951522
15.061518717149738	5.431282605044544	-3.131804768860078
15.000742006115615	5.431988324504346	-3.1317842636931137
14.945814180886373	5.432625852059573	-3.131767815096438
14.894275714061223	5.433221899438649	-3.1317566086414677
14.844034243142232	5.433802208863199	-3.131747072240763
14.792051362805068	5.434402070939541	-3.1317384880531325
14.720457125396933	5.435261331498623	-3.1315088917509595
14.659170198487118	5.436084830202162	-3.131389920939634
14.604290057206526	5.434510311577469	-3.101626633523719
14.546728182584047	5.43348654313013	-3.100107431654115
14.492944766534492	5.432430825661868	-3.1000819155080523
14.442904520081356	5.431772315874696	-3.104897976592811
14.387137460988015	5.430865368805826	-3.1049761760652377
14.336453487165272	5.430074296891689	-3.104960202381312
14.284782458737027	5.429289899300784	-3.104949711468423
14.23103337280918	5.428552707191557	-3.106999153637592
14.178858804400079	5.427885135635734	-3.107336998074627
14.127828646101989	5.427227577660233	-3.107329129276547
14.068040896032471	5.426475130021572	-3.1071462687729348
14.013052033842541	5.424698910675943	-3.0884003667849758
13.960751581354998	5.421618543565273	-3.062958006494976
13.903998423542362	5.41842420771718	-3.0620193465669137
13.851890613033902	5.414279065094888	-3.0428068604288074
13.80043129902333	5.408622822724283	-3.0129749736386113
13.750853586825542	5.40186031954363	-2.9880769276408854
13.70061211567372	5.393452248070389	-2.9612655741492895
13.651404429285321	5.383224566467106	-2.9194157563501872
13.60281758318888	5.370056231506169	-2.8676891818192383
13.546964693116024	5.355301462113857	-2.852810337355416
13.49885849916609	5.3385611404664814	-2.801053984418193
13.438983965606894	5.314544758293778	-2.736864583154775
13.38980298070237	5.292223060503602	-2.7059511956638214
13.342459726030938	5.271560274995863	-2.704957025435547
13.296036768122576	5.251235088799149	-2.7016234646396295
13.25032334466232	5.227326474152505	-2.6521543916213735
13.207283067516983	5.201781355775893	-2.5953562661785643
13.162510920548812	5.17177160596475	-2.5404260131905896
13.11829667177517	5.143149456940591	-2.5380226806575004
13.077905703044962	5.112890324089676	-2.4934959551167517
13.038210917380638	5.081364710815251	-2.454143896488523
12.99557023041416	5.046696745790541	-2.432807773669844
12.95437531627249	5.012882312294096	-2.429868951703989
12.910174417775124	4.972596725448966	-2.3857299148816917
12.873399783798959	4.93657787842676	-2.346562037961673
12.837928819586523	4.8993182997219265	-2.3163694664282977
12.801475573854987	4.858624540269375	-2.286075449358476
12.760528611950576	4.812261188402772	-2.27897590529613
12.723377275862731	4.768866618629545	-2.2465344947030683
12.686175395501778	4.722019753418863	-2.219290850808575
12.65369229321368	4.678348146844655	-2.186401610225561
12.619395304005593	4.629471859894693	-2.1633761017720685
12.589147615246475	4.583886700216681	-2.142834309786522
12.561421442660503	4.539378723595291	-2.111422315624635
12.525025416864082	4.479149898979813	-2.0977824846816864
12.495765734580345	4.427238071337342	-2.0525884454703855
12.468600322376005	4.37314757052809	-2.0204940295117026
12.442159700673074	4.317667089402676	-1.9930628584503585
12.42165379691869	4.2684718002565205	-1.95281389265003
12.397080470225774	4.210139831528068	-1.9480466625242185
12.375450182822533	4.159354290459305	-1.9477091829703221
12.3572378634708	4.111347279511392	-1.9087489718645902
12.341125536535401	4.061308939009905	-1.8823381596876758
12.323997545056045	4.003385146148503	-1.8343808294551935
12.30744557356229	3.9431148413568735	-1.8061087358034515
12.29392533400096	3.883884748443961	-1.774812043517052
12.28383450594265	3.831342780031264	-1.7385298930483415
12.276178407482803	3.773738940246403	-1.69328840979552
12.27097611525096	3.7195144523866475	-1.6546971056736952
12.269393014605157	3.6671603550203145	-1.588014907672177
12.270523118553683	3.6146615338511765	-1.5393826447259562
12.270943689509295	3.564640841446817	-1.5392069940014725
12.27146058116341	3.5139711694791913	-1.5392012157729578
12.271979380282573	3.463037095963955	-1.5391961449758669
12.272443819558248	3.4125045146793127	-1.5403098836045193
12.2725792422425	3.3620255799032748	-1.5441791524773756
12.27287392760627	3.305062376894057	-1.5441192167724604
12.27314381627366	3.2536877035163343	-1.5440995959561465
12.27345566888107	3.194865068420768	-1.5440816078067678
12.273732233967166	3.14258488221094	-1.544068358511788
12.273686456261203	3.089785418007523	-1.5510866052747685
12.2735195645364	3.0378735861741006	-1.5526150385587572
12.273357438796666	2.9866112074814737	-1.5526073498736754
12.273195314104669	2.9360698075033724	-1.5526001683613135
12.273034145007841	2.884986005257815	-1.552593888967593
12.272872019559145	2.8336284989491105	-1.5525886410805703
12.272700356901623	2.7822075709700584	-1.552583926979113
12.27251725300448	2.726798615884036	-1.5525805386284495
12.272340822324622	2.6696644658222795	-1.5523907109701298
12.272171069809701	2.6133247236721218	-1.552369340990894
12.272007037594449	2.558236440178007	-1.5523525393638873
12.271848726959433	2.504813753068447	-1.5523393837436283
12.27169137110468	2.451503119431436	-1.55232565872556
12.271540689980611	2.3997140754945576	-1.5523156724529201
12.271395730553195	2.3496752618812025	-1.5523064520027476
12.271246957418043	2.2987564424984157	-1.5522989927496704
12.271098185447045	2.248040040489286	-1.5522925192551877
12.270950365753379	2.1955173844471574	-1.5522865994395572
12.27080254664179	2.1445589857175946	-1.5522818758148154
12.270661402202677	2.0942316870205104	-1.552277828620015
12.270507860579528	2.0437646713107824	-1.5522742864908055
12.270378161570989	1.9931175340898335	-1.5522712620111452
12.275180865835864	1.9665507916361094	-1.5500079277431391
12.275096942088567	1.9015816058963537	-1.5494434564923347
12.275090266251937	1.8391180844046175	-1.5493459058406165
12.275092174008023	1.7845998643897474	-1.5493129564351922
12.275095987715758	1.7263364410027862	-1.549285472366753
12.272408532677218	1.669114792253822	-1.5969709055141594
12.266031312872656	1.6139820418320596	-1.658057317513632
12.25681118958164	1.561314782127738	-1.7132579335382772
12.244442987139337	1.5088232359848917	-1.7663904964825832
12.229583788081072	1.458856427576393	-1.8295165032336842
12.211978006060235	1.4099996904842556	-1.8821107359834242
12.19225602177903	1.3636082038283348	-1.941146534858115
12.170179415435996	1.318738424219191	-1.9954736578841894
12.136957217415329	1.2604313711635768	-2.1138683312841473
12.10052971902769	1.210964401718229	-2.188464925134576
12.054538774071261	1.1572488183155656	-2.264295368415069
12.016426133573987	1.117555699776858	-2.3023778424939882
11.982136773993261	1.080858432687819	-2.3052138397874185
11.944315958069637	1.0442074141465127	-2.344687883173897
11.904810954700224	1.0106016020290554	-2.3987374778822916
11.861341525160242	0.9738577837124467	-2.4096388001803137
11.81960587517824	0.9322252492420375	-2.347684049029109
11.78428750106832	0.8967610797844827	-2.3290904015230716
11.750436832022388	0.857524418272078	-2.275231697678194
11.717143107089214	0.8185863136313856	-2.2681441459185363
11.675301599083468	0.7776519870385528	-2.351594186763095
11.636157084139995	0.7442170609720051	-2.3968639866895547
11.590580988791771	0.708192725200206	-2.441192986154675
11.549749423167668	0.6773114413954318	-2.4742341646725925
11.507384348253254	0.6495808004401624	-2.531008375312533
11.462996531277895	0.6238541817292571	-2.5848102464055533
11.415946055029053	0.6000542850233614	-2.638174050357294
11.3695879461593	0.5800976962782443	-2.694408923170266
11.316906976455357	0.5614809007383883	-2.7596936460764785
11.264473010553047	0.546436570584774	-2.8318750292606576
11.214119960204698	0.535083553288132	-2.8789921040346402
11.161500025831629	0.5263353227637708	-2.9461138256727057
11.11000351968687	0.520779809448868	-3.002650743657531
11.058170367614366	0.5181403975002468	-3.0611362442509558
11.00716786517296	0.5171513776294887	-3.0912938149284312
10.95706276979763	0.5178258647210896	-3.1228073282763606
10.897747088689357	0.5179965700954199	-3.122805421564317
10.81338315026369	0.5182539443485439	-3.1219673797902194
10.727744150906801	0.5183977698907256	-3.121678177522815
10.671619463595562	0.5184831833466887	-3.121620479704249
10.614627887436654	0.5185676431283355	-3.12157685094309
10.561858225264587	0.5186438201926649	-3.121558012468976
10.500750588951632	0.5187294101342559	-3.121502940114783
10.439128923462704	0.5188127374276519	-3.1214616934766
10.386455583269708	0.5188814620487392	-3.1214299809635735
10.307833718834445	0.5190130691044033	-3.1211691544812794
10.249336291803047	0.5191018208861351	-3.1208353672498514
10.18420128931757	0.5191510524600744	-3.12054688161317
10.124565172882285	0.5191784123890102	-3.1205201805553777
10.06787114101462	0.5191986192949116	-3.120436254358982
10.007720995228738	0.5192165593616664	-3.120388569412643
9.956264543754514	0.5192296714521945	-3.1203678274108477
9.900486994418316	0.5192411188036203	-3.120300355492417
9.850482987938449	0.5192499398253858	-3.1202741308807234
9.79302029684186	0.519266985822469	-3.1202170846496027
9.733462383039296	0.5192703236825764	-3.1201233837381346
9.674448060570285	0.5192683571949601	-3.12008404775394
9.623507547483314	0.5192647790536284	-3.1200587754250484
9.56640343728941	0.519258878659457	-3.120029449783341
9.509087611804716	0.5192509503103793	-3.120009899210955
9.45901684765704	0.519242427777499	-3.1199870124120777
9.397191095573362	0.5192612041719258	-3.1197438242023234
9.338041352923028	0.5192319341003895	-3.1196711071157304
9.2867680080235	0.5192061276175082	-3.1196413035594324
9.227506684837863	0.519175548106432	-3.1196045868165165
9.170058297924697	0.5191440200433135	-3.1195800337830044
9.108038950827904	0.5191074847243726	-3.1195454625746226
9.052437831356656	0.5190727300941944	-3.1195230486605463
8.996988345053978	0.5190366124734282	-3.1195056432192025
8.942235995433293	0.5189992995001376	-3.119487762345976
8.889424371533096	0.518962285015732	-3.119472741295511
8.838865329162218	0.5189395155757666	-3.1194384119548015
8.784238862630446	0.5189315876923501	-3.1190164102837064
8.715108919073828	0.5188505281694233	-3.118866206396231
8.65661530464422	0.518773518037051	-3.118775844232728
8.604016352037434	0.5187007412314415	-3.118739605597527
8.547903108061291	0.5186216454021633	-3.1187000277200045
8.495052386657335	0.5185451698489487	-3.118678092947982
8.426878024358302	0.5184434866532683	-3.1186435243481947
8.369241762091406	0.5183553332462907	-3.1186184893192883
8.311822940362617	0.5182656268589199	-3.11859655325077
8.256130265945103	0.5181771153584123	-3.1185789121253458
8.202335406793281	0.5180904483422637	-3.118563890093912
8.150787402759306	0.5180065245367587	-3.118551495324338
8.098285722662695	0.5179200982674956	-3.1185402884042284
8.044755031354725	0.5178313497453928	-3.118531227261089
7.993515540729277	0.5177458743564785	-3.1185226445133893
7.935183573456015	0.517665047198534	-3.118437294671628
7.88175063196104	0.5176029433496296	-3.1179943075554353
7.816852617077529	0.5174630479887128	-3.1178760507167165
7.764354754646774	0.5173415141180158	-3.1178202620870312
7.707965899142437	0.5172102083452046	-3.1177837836538846
7.657269048388116	0.5170901659876108	-3.1177549352296263
7.596514750854112	0.5169440135359764	-3.117722032932425
7.534917403827421	0.516793570946902	-3.1176972417535276
7.48290448251646	0.516532919369638	-3.1067028039392564
7.42948727554176	0.512208126951009	-3.0529048348518484
7.377435255504679	0.5052086366340518	-2.995602378597808
7.327685403521173	0.49565955018624663	-2.9392156547470267
7.275877048028633	0.4826319138519466	-2.888061295215336
7.224721957580186	0.46759568620473146	-2.8456823933715865
7.174016047560144	0.45140104880556464	-2.7793467202793423
7.1213431833311915	0.4275185391306877	-2.7195806615855167
7.076546716620214	0.40524633787572384	-2.6701162142388886
7.018702078610659	0.37743871472775936	-2.668298230185617
6.97149806166999	0.353067091666162	-2.6412727334247026
6.92780594836222	0.32636638591066003	-2.5886921866489723
6.8825927274883725	0.2952272240072489	-2.532214143154372
6.837386178784072	0.2597821871750057	-2.4489288741878372
6.798055696533993	0.22704607620835304	-2.4317099889591307
6.757332849141676	0.1937487623654306	-2.431022917073495
6.717353869928047	0.15932135889306664	-2.4045419395056813
6.677125024958514	0.11917394585907459	-2.3485987449361465
6.63555722188903	0.07274077693000436	-2.2694115118018967
6.604180384543724	0.03142347373068333	-2.2145204743379
6.568949271750171	-0.012814095709472895	-2.2114356922170795
6.537620593211614	-0.05882243858650327	-2.1530287086523874
6.5098329078173265	-0.10416620317846537	-2.1129103515950316
6.480053473380394	-0.1534108011983335	-2.0855649532279434
6.4562554836738855	-0.20032520266249776	-2.0349272998073826
6.434683370171115	-0.2496045008301735	-1.969465146975606
6.416397619876079	-0.298547247890383	-1.9183160374459882
6.40052085055504	-0.346869298722595	-1.8726843241794173
6.387329149991274	-0.39576704101637006	-1.7890151599372435
6.373628188855946	-0.45656962040811777	-1.773255664963559
6.360552360187285	-0.5137275247834623	-1.7728256136241967
6.348379661329091	-0.5672090430743992	-1.7727916858444943
6.336941767600365	-0.6175420065410435	-1.7727703321431794
6.325657892099116	-0.6672145524062216	-1.7727553388016917
6.314955281675793	-0.7204016246832907	-1.750907543389766
6.3042274013278075	-0.7727956543676555	-1.7495799049163994
6.288950015732553	-0.8478739047423005	-1.7493406460729846
6.276769685558975	-0.9079674296081066	-1.7490495616320185
6.265744733973406	-0.9618221912533045	-1.749039122380038
6.25614218856208	-1.0165152931585908	-1.7295583059717465
6.246309805195779	-1.0701405191794038	-1.7290927037324468
6.238283681566827	-1.1308243651874363	-1.6931736780694016
6.233745622157585	-1.180945790372789	-1.645340077114968
6.231010008370504	-1.2315384531393647	-1.6140529768539167
6.2273421759018674	-1.2855140352621675	-1.6113963380594367
6.226251173065975	-1.3355443850159645	-1.5846665955334847
6.2271452432032675	-1.3860004330053926	-1.5424755188920731
6.2278252124087885	-1.4389858627691865	-1.5354123157059787
6.22853760846192	-1.490228212904185	-1.535402176224471
6.228544284473173	-1.5416922960430384	-1.5462519395537448
6.228646327275783	-1.5960808177478611	-1.5474686840090461
6.228731679497287	-1.6580130239017308	-1.546976172827224
6.228882360970601	-1.7196736712940037	-1.5464662473364257
6.2290430556749925	-1.7747722058556974	-1.5463991417346155
6.229264784487896	-1.8496430292725563	-1.5463367471774954
6.229455996653996	-1.913557207211852	-1.546306339063334
6.229625749750994	-1.968956152908504	-1.5462482797602741
6.229827452683821	-2.034150517079979	-1.5462280525113246
6.230001497664489	-2.08926311833784	-1.5461806848588013
6.230196048156358	-2.1501883659511805	-1.546142848333533
6.2303839202504605	-2.2084721699357033	-1.5461180501235856
6.230572749627754	-2.2659253254532814	-1.5460953881070694
6.230746795132291	-2.31880179932341	-1.5460826632964952
6.230918454937637	-2.3709255857393146	-1.546063927915973
6.231056260759942	-2.423149028327316	-1.5459132950757122
6.231295156176202	-2.493732611183077	-1.545442369133969
6.2315507414750755	-2.558991828933358	-1.5453716563254138
6.23177819425473	-2.615763344336301	-1.545325761741882
6.232043792377226	-2.6815411215648055	-1.5452736231122604
6.232273627247196	-2.7378758559934795	-1.5452398549770345
6.232523013197351	-2.7982815876603127	-1.5452101088224426
6.232739018916618	-2.850520054344088	-1.5451872860365428
6.232959318149369	-2.9031056547537446	-1.5451655000112465
6.233192015613895	-2.958415904548019	-1.5451462880649274
6.233443786390126	-3.017782603856176	-1.545128123719389
6.2336612232611515	-3.0686275134794414	-1.5451153684953198
6.233890580944717	-3.1220516352914274	-1.5451035577279981
6.234108495933469	-3.1746381944976747	-1.5450349049920642
6.234333562431857	-3.2260698471218348	-1.5450082986280533
6.234561490709893	-3.277975003235042	-1.544995045501648
6.233555841376074	-3.330717723350972	-1.567301856554901
6.231494952226058	-3.3816436915658414	-1.5890156919202625
6.227683114586398	-3.4410885968245566	-1.6051607867245359
6.224415350472555	-3.4992989702150226	-1.6046647363266655
6.220531987724826	-3.5524973063729703	-1.6192221463652825
6.213542033859994	-3.6130689750425518	-1.654572156416836
6.204585122875869	-3.6679796390235424	-1.7040726873708747
6.191721010487527	-3.724695125594735	-1.7654025979670063
6.17682509473525	-3.7754048509523273	-1.828266972940901
6.156963873887435	-3.830519830342382	-1.8765820480762463
6.135592985432595	-3.8801616788841784	-1.9482178395460714
6.112541246693581	-3.926235593855381	-2.005597711104801
6.084723045001738	-3.975372230168432	-2.0551847136168684
6.05327134183608	-4.021427069790661	-2.1333833660848756
6.017697383067571	-4.06723300460726	-2.1975073925319726
5.980622817529365	-4.109277642332017	-2.2656350586612874
5.937985469354317	-4.152997887227684	-2.3227436067175264
5.889366675983183	-4.19375792844221	-2.40473930375017
5.8409867759328336	-4.2285541677847505	-2.4947206554597092
5.792559195426293	-4.258785167708993	-2.557049446141369
5.7478104121400975	-4.283151544164866	-2.617378699814332
5.692464399617165	-4.309006609488279	-2.6748156668476795
5.640994120505638	-4.329187310766429	-2.7387903146812453
5.589474249223713	-4.345928588416427	-2.8002195348647403
5.540863086062018	-4.3587292791344225	-2.854561828928641
5.487164068152197	-4.369628347456455	-2.9137027662304176
5.436690856004134	-4.376872934866697	-2.966123361920733
5.384936381247826	-4.381344235036522	-3.022674100618773
5.3344522004481405	-4.3828491335734725	-3.0788540894278658
5.284287500253413	-4.382126247975975	-3.1212435420852036
5.220853852923028	-4.382006565108895	-3.1209154767075975
5.166200684965588	-4.381948865950108	-3.1204126532257237
5.102653552487027	-4.381942191161215	-3.120047573861216
5.044598150416277	-4.3819498205557466	-3.120002267914356
4.992850352136884	-4.381958878599107	-3.119956016895872
4.923650313285179	-4.3819741401821375	-3.119896887641073
4.863892602501437	-4.381988922599703	-3.11984896914332
4.793841886916198	-4.382010379806161	-3.1197960398492874
4.719910192769021	-4.382001792546362	-3.119627952393889
4.648675013158936	-4.3820246839895844	-3.1193132396901406
4.5644126429688185	-4.38209716277197	-3.118748669664355
4.464493322651833	-4.382228767499328	-3.1185536376181937
4.411127615196165	-4.382320322562009	-3.1183011542992656
4.313763189129531	-4.382502952590585	-3.1182265277345023
4.2227454670355655	-4.3826784254051745	-3.1182079300398104
4.129140902659856	-4.382862962316722	-3.1181359285970873
4.0633326061069965	-4.382996000349522	-3.1180832391906974
3.9945080764591694	-4.3831380982883275	-3.1180322139483203
3.9334896093350835	-4.383266369346529	-3.117953061941142
3.8775706774322316	-4.3833874855190516	-3.1179246876018953
3.827375699474942	-4.383498109411448	-3.1178846336881563
3.7595532417763025	-4.3836516491137445	-3.1178181190164023
3.701397943776101	-4.3837865954265	-3.117773771721679
3.649488498340361	-4.3839096198789775	-3.117743968506836
3.5889416220597923	-4.384055531118065	-3.117692469168247
3.5367680069757625	-4.3841838031075895	-3.117666480671271
3.486698675143998	-4.384298717137426	-3.117648603712192
3.416755963000469	-4.3844384350813925	-3.1171827296449206
3.3510275365551934	-4.384616292081773	-3.116857769099933
3.2897866256535053	-4.384817993268371	-3.116767645471866
3.2347417359706014	-4.385005393065512	-3.1166686993880726
3.1846364031662233	-4.38517848495394	-3.116630312820599
3.1183944229851477	-4.385411179624498	-3.116587400705158
3.060286330699455	-4.385618128348142	-3.116535422177006
3.0091763029340655	-4.3858021860942245	-3.116500855726549
2.9494910718640313	-4.386020579375327	-3.116467952057376
2.891118096827995	-4.386236586607993	-3.1164412486675133
2.825596380222123	-4.386482155881822	-3.1164016728654715
2.7699535377905704	-4.38669148972258	-3.11637640378135
2.71468167292187	-4.386902247555554	-3.1163575663063106
2.6597724448656663	-4.387111580464989	-3.11633992210981
2.6074045188724995	-4.387313283979893	-3.116327045980228
2.557029057526961	-4.38750735623762	-3.116314887260972
2.4867423066170886	-4.387694754637778	-3.116818191138708
2.4264078628038988	-4.387903131078929	-3.1166174391280674
2.3752091405331157	-4.388250268530101	-3.116595029620447
2.3246250627562404	-4.386063016019762	3.134738206802971
2.2730691923643462	-4.384677808266133	3.1336617461770446
2.217775869765319	-4.381903565488756	3.11514687553087
2.1637335304403678	-4.375949775334448	3.0655417393232836
2.0981019026366994	-4.368711865507066	3.019432309108931
2.0353997229831293	-4.354908387642354	2.9621748642574874
1.9839786780066788	-4.344371238723397	2.9560234444407576
1.9277264362899587	-4.332852281164378	2.9558057811487517
1.8737671849667095	-4.318098462652415	2.919475320413721
1.8224143264815211	-4.300630010664463	2.8472516803288292
1.774405884440057	-4.281242766883224	2.7882745361992347
1.726498770993203	-4.258639253675938	2.7295463803935114
1.6784556403872557	-4.232444682624191	2.6583945279138503
1.629983115941286	-4.2010263577103615	2.5907502069460095
1.5877939952770248	-4.169923226814717	2.535645738778693
1.5475243816617876	-4.136527455411851	2.4834508471412464
1.5055420874268748	-4.098823468666524	2.4012216834181856
1.4633175627095625	-4.050959029700607	2.316042087053259
1.4210640667006373	-3.9958674092777073	2.2542461892397516
1.391459513339214	-3.951232112944126	2.185116352851791
1.366119314567186	-3.9078370705246925	2.1269815592770054
1.3421555046224967	-3.860914149787277	2.0714003255038893
1.318362163961865	-3.806327737402171	2.0092351537383837
1.2984387173783034	-3.751212040428072	1.9454678845316749
1.2830948119517416	-3.698913253378123	1.883541566308417
1.271547484328039	-3.649109044112265	1.830500457130693
1.2627724889898673	-3.5985788451507688	1.7743577990191568
1.2552136661252007	-3.5469950791448355	1.747899788469597
1.2472033989033662	-3.495992342941463	1.7479052356220506
1.2416384701500647	-3.4424072890542448	1.6969227667195304
1.239675450604409	-3.390434659551829	1.6392674244636432
1.2391244649188593	-3.339104334823787	1.6129702981138714
1.2381897462764755	-3.2879580636508763	1.6102145251039823
1.2372103217057884	-3.227058567572385	1.6088935687916386
1.2361467362497933	-3.16328875022009	1.6093648954385742
1.2351212976500392	-3.10356084164232	1.60946184071301
1.2342095862259157	-3.0507003464736044	1.6094868661269695
1.233154702349566	-2.9896315708756447	1.6095423964749649
1.2343992468668148	-2.939054169226438	1.5846650337803567
1.2353820092976093	-2.8839716077782214	1.5701955933126641
1.2365843539591879	-2.827205574605614	1.570103115381407
1.237240720540285	-2.771545327734202	1.5804115803029133
1.2376710658427328	-2.7167634149082005	1.5841638750931892
1.2372416743310168	-2.662958779837936	1.595043822096495
1.2371200809720904	-2.611007370520383	1.5950744614770953
1.236968923767563	-2.558484948705882	1.5950843831051194
1.2368177655152977	-2.5061620851047337	1.595093425154536
1.2366680395789444	-2.454655089881271	1.5951004574805658
1.236521053884644	-2.4043001332320273	1.5951065044344415
1.2363716858671978	-2.3531326451338828	1.5951122357158112
1.236224700580351	-2.297199642751366	1.5952953647487993
1.235422182828188	-2.2397259855642915	1.607789831267669
1.2343464375007898	-2.1823875079862773	1.6105040949110863
1.2333494908525608	-2.1272501135244966	1.6105253959668115
1.232391883037053	-2.0750409713946283	1.6105381044441938
1.2314088817220181	-2.021421352867037	1.6105490379079677
1.2302335982094519	-1.9562716884538531	1.6107262859598142
1.2292179343057796	-1.9014835734851658	1.6107567838255195
1.2281749738613144	-1.8452467094175518	1.6107801723855362
1.2271929278504103	-1.7923633232712746	1.6107998485458435
1.2261915694689378	-1.739677828270942	1.6108141803760296
1.2260872615734115	-1.6873029824346304	1.5993858138637034
1.2257495399098843	-1.6341488743200898	1.5996235017846225
1.225283671170473	-1.5659107347019017	1.600172059028295
1.224432516261004	-1.4562722826376557	1.600843316001634
1.223944712546654	-1.3994110017083585	1.6009902751514669
1.223434020532295	-1.3411564007401466	1.6010499977102794
1.222839881433174	-1.2738118558190763	1.6011151302579678
1.2222610010067	-1.2086702976375818	1.6011960098392508
1.2217383870156482	-1.1500525837764144	1.6012385868240906
1.221085834898986	-1.0773343215696514	1.6012875341993693
1.2204877614276484	-1.0111252460628748	1.6013488202842157
1.2199309354182333	-0.9498616820201278	1.6013738104363957
1.2193332209135406	-0.8845212208107114	1.6014163268419659
1.2188184737460688	-0.8285079994238913	1.601468181486131
1.2182590261800215	-0.767946579027921	1.6014878608153769
1.2177824266836978	-0.7143935346975923	1.6016547060589879
1.2169704912230372	-0.6238478198647499	1.6022099987471434
1.216123271617107	-0.5368214640766382	1.6024597203425568
1.2151995191234164	-0.44686890486627817	1.6029065501895672
1.2146345865330659	-0.39349106792360544	1.6029065501895672
1.2140362744103186	-0.33772096829488873	1.6031729294821915
1.2134298567543738	-0.28180972393602133	1.6033328815600894
1.2120852952357382	-0.16023344593122602	1.6035042653279894
1.210926819301676	-0.0580532681196928	1.604017198356098
1.2097301975591108	0.04547250922769308	1.604183851193315
1.2089180228067562	0.11311836680397391	1.604183851193315
1.208035874296911	0.1868110205978155	1.6041947745485516
1.2072886711684987	0.24918193323537707	1.6041947745485516
1.2064917561365291	0.3154345666989684	1.6042255257021858
1.2057316779973917	0.37850242014974356	1.604279035634126
1.2050199995283037	0.4374344842508435	1.604279035634126
1.204336334601976	0.4940551156178117	1.6043492021161592
1.2036191700026393	0.5533023709431291	1.6044018378388247
1.2023470880230889	0.6580039467662573	1.604437058089994
1.2017124182311818	0.7100710505619645	1.6044722043956026
1.2005528701120056	0.8049273686483502	1.6045072959738607
1.1994860663544387	0.8918587169609964	1.604541943182537
1.1981038342346437	0.9749688096344471	1.6046123197040791
1.2000546948984265	1.042826852761209	1.5773051926918207
1.2025841954164207	1.1062546614557505	1.55411447655104
1.206866311840713	1.1902577527798712	1.544228846779231
1.2097169639309868	1.2523692464455962	1.5439214179257685
1.2128890046151355	1.31969662476331	1.543945606383567
1.214846659451723	1.374261581338942	1.5548834617607408
1.2169375901576132	1.4305582861416042	1.5559749170048809
1.2192247395287268	1.4923054804094136	1.5560924542470993
1.2214291580021381	1.5469467276707292	1.5604453236534306
1.222150134795811	1.602184140123427	1.5694680854688334
1.2233732221648097	1.654637061059475	1.56955535544889
1.2247223145095631	1.7139852866530418	1.5695735615739215
1.2253542432445101	1.7697660536505282	1.5802025646255453
1.2259843826759607	1.8221801137551665	1.5808622247695816
1.2265555145568214	1.8727091173641384	1.580873455241982
1.2272952095372602	1.933257659431547	1.5812149169302605
1.227877187775448	1.9859543647617102	1.5816781703701497
1.2284324645879678	2.0388663630001247	1.58170420492598
1.2291512977099046	2.1072474350221455	1.581770881609508
1.2297642715275288	2.16576369991526	1.5818060268006016
1.230311084073037	2.2181449769996107	1.5818357399780572
1.2309372909367085	2.278361402451992	1.581887937319378
1.2314838647143915	2.331176362000406	1.581909428825736
1.231629897840321	2.388254010118544	1.5868107039825528
1.2319396021775901	2.4461713670752943	1.5889448573845657
1.2321671734680422	2.5036640972830355	1.5889761649212002
1.2323378811124712	2.5541110835038126	1.5889913478713666
1.2325153825804591	2.6089340057224035	1.5890094336824854
1.2327579736011103	2.6749282660894096	1.5890966064110998
1.232904959586449	2.7268389076925814	1.5893032354585146
1.2330782900098711	2.786749444436282	1.5893426925725178
1.2332283747382462	2.838802419602871	1.589364463647916
1.233435201109387	2.9008413180708885	1.5895303089490471
1.2336448905989528	2.9792757844552398	1.5898238115173866
1.2338123809313402	3.048759066965431	1.5898775649246362
1.2339536433573812	3.1089592804200947	1.5899142400498465
1.2340779777150601	3.162231527734548	1.5899526120070595
1.2342181685380638	3.2238002652302384	1.5899892457009002
1.234365034790244	3.2896047458052635	1.5900351575190008
1.23457770323148	3.3400753382593393	1.575904447921659
1.2366109383874573	3.392063699197024	1.5649992174107015
1.2402298935339786	3.447032058145851	1.5310801097229354
1.2458953145542182	3.5019546365365386	1.4948365460079749
1.2515888696652837	3.5544875492341816	1.4809018259464048
1.2601149570546113	3.6039763293229043	1.4350380689512436
1.270347046374809	3.657298647798598	1.401144541721108
1.284443307085894	3.709802234079689	1.3321175539854493
1.3016074191546068	3.7607117486186326	1.274046332783761
1.3264601706760004	3.82113202707842	1.2062395735342666
1.357731987372972	3.88174422737211	1.1198444583350735
1.386720705020707	3.9296155786141753	1.0586473011923117
1.4216202968964353	3.979739509988576	0.9883172599450589
1.462795902742073	4.032551370561123	0.8932636885419393
1.5178707129089162	4.087625108659267	0.8109198720077365
1.5627490765764378	4.126360496506095	0.7421992022073642
1.611434746941086	4.1630187863484025	0.6767098731156181
1.6590654148021713	4.194266404025257	0.6087184165563684
1.7046150448732078	4.22039421601221	0.5519935233618065
1.7541342259501107	4.245060522574931	0.49476275226365374
1.8040419109165668	4.266318877227604	0.43190517721221994
1.8506926789414138	4.285807213746011	0.4212946150110056
1.8977170477737673	4.304264148697257	0.39334527587053714
1.945359040168114	4.31985625019297	0.34700420483075284
1.9947376733762212	4.331886848900467	0.267355415592532
2.0618782527162693	4.342824537772685	0.18260243445028795
2.114398050471209	4.349189838394523	0.15159578032376958
2.16867690224899	4.3564792475663126	0.15127886580659658
2.22028093325207	4.363375264685601	0.1512895185263841
2.2765739439055324	4.367251956835389	0.10292279601985019
2.330333518446423	4.371791917365044	0.10138773294285273
2.381829072255641	4.374322495423257	0.07886699425336521
2.432416965079028	4.3764859065413475	0.0659581142629798
2.4857666972093284	4.377216898370534	0.040279377616410914
2.537733602686785	4.377563558053225	0.03282306089833071
2.588004399323836	4.378138144966215	0.03282891403492122
2.6395171171752736	4.37872895039618	0.032834777813658435
2.6897516725584865	4.379304966889322	0.03283477530736092
2.7409976021153852	4.379891953896731	0.03283477335389857
2.7914948950055987	4.3804703573696315	0.032834775769288824
2.8457665930036455	4.3810387486591935	0.03306274659650102
2.9090490812668577	4.381756863556802	0.03380416492227155
2.9609647290199064	4.382379136513919	0.03380416492227155
3.0211959368316457	4.383127772249281	0.03434585064829907
3.0928538333973847	4.384047112893313	0.034788469949498094
3.18842225021217	4.385322653222829	0.03488114505914412
3.281709242495708	4.386586746200919	0.03500738632518372
3.368704843800515	4.387769781984389	0.035100064186583825
3.426653911243193	4.388559899292886	0.03511764386106553
3.4821327223908156	4.389318548608571	0.03518688746192772
3.54841022513574	4.390226925723255	0.03520286194891341
3.609849978471175	4.391072832047939	0.035280629836317697
3.6627004627371207	4.391801916062832	0.03533389770365644
3.7353561402414925	4.392809474375099	0.03535839472343114
3.797794629004784	4.3936782707460225	0.035437218362140914
3.8535361780086532	4.394752585794777	0.028734572187958562
3.9152353294193745	4.393671116326004	0.01539107063001329
3.9687951094238088	4.39338453579694	0.014954843627566728
4.022131491685286	4.393054092302918	0.014958574429794974
4.082789945648983	4.392663560807705	0.014982011517361445
4.134764242684469	4.392330728471279	0.015001185641413502
4.190640021755826	4.391972625628114	0.015017696103233145
4.247976350830868	4.391606888268143	0.015034741307908581
4.321393538848497	4.391093811951578	0.015269632796070538
4.391840028576553	4.390674674883485	0.015702661786576196
4.452293444133829	4.3903270568698645	0.01572662950936865
4.505690146062989	4.39002331206575	0.01579054774618919
4.574949790490791	4.389631828293204	0.015824634221876712
4.634417106281035	4.389297089539468	0.015852330947842778
4.6924753681523725	4.388973793014884	0.01588961464878733
4.7501760008744895	4.388655742164701	0.01591411675421112
4.803863574168645	4.3883591536432505	0.015934355539138058
4.8573008077801205	4.388066850602627	0.01595193462529203
4.911845732596703	4.387770256027579	0.015964186352242716
4.963718462502584	4.3874879707582295	0.01597910006640121
5.018031646381132	4.387193760834634	0.015989752241758165
5.071269083593506	4.38690670626238	0.015999870763926553
5.123141336487606	4.38662775605917	0.01600785947989816
5.183855581912212	4.38627108419314	0.016092550870622297
5.246661233599298	4.385926330462098	0.016531438690507824
5.3109784600674175	4.385612566955388	0.01660813718186904
5.362829732708633	4.385363181587309	0.016661933820385645
5.420976687571965	4.386049353051931	0.03569500757004984
5.475464393035509	4.387108882889152	0.03975047369756626
5.531155635137111	4.388109764549881	0.03980693640689292
5.582206298480742	4.388725838623941	0.03244062935740003
