0.93280940229306	5.425065123476088	-3.120218515680571
0.8622298733680509	5.425120437052101	-3.119567873253324
0.8061418409342878	5.425088009797037	-3.119429350115131
0.7538245795294642	5.425051769241691	-3.119384766463189
0.7011749027296901	5.425010764040053	-3.1193594919326926
0.6326669934205711	5.424985968973488	-3.119192362885024
0.5418971064500511	5.424906814470887	-3.1186826237270266
0.4826070246635936	5.424819075036794	-3.1186518650313406
0.4250842813635245	5.424731340259314	-3.118582487114896
0.35928436007816344	5.424628338776529	-3.1185257434398963
0.3069475470110774	5.424559198319912	-3.1185157304603055
0.2088996060192585	5.424420915544033	-3.117924691328717
0.14403154386673123	5.424297411460429	-3.117713690604993
0.07262160268146545	5.424136720132083	-3.1175220031736193
0.021896279300563037	5.424001776147634	-3.117362501737112
-0.08002237661276013	5.423713765107095	-3.1172931210475348
-0.14622039743699133	5.423523982986808	-3.117257357180906
-0.2071986899827607	5.423347554169595	-3.1172044280575686
-0.2674074295209721	5.423172077164054	-3.117169377997114
-0.3219630243256688	5.423023784533143	-3.117044208573527
-0.42016587872058153	5.422740063164383	-3.116973400010649
-0.5241434684721753	5.4224048485048115	-3.11673021729406
-0.5838446133420803	5.422185977455229	-3.116524458742423
-0.6771859644213691	5.421845994889736	-3.116467476670371
-0.7725049373111688	5.421491707209498	-3.1163976191524707
-0.8640894994605333	5.421149334870279	-3.116345403723263
-0.9423525455640629	5.420853692572564	-3.1163101207195774
-1.0202769746538252	5.420554720330983	-3.1162250011517734
-1.0909113410161808	5.420279584359378	-3.116148230867833
-1.171641063527204	5.419960581697524	-3.1160943543892334
-1.244716118555516	5.4196658954024315	-3.1160481002144644
-1.3065598716493696	5.419413646683097	-3.1159915919737977
-1.360163401288446	5.419191921595484	-3.1159539196825143
-1.4247623202973045	5.418921552598476	-3.1159176847323926
-1.4914342883275822	5.418638786766678	-3.1158802516218893
-1.5483241799520329	5.418395123910159	-3.1158525949449576
-1.602961611119099	5.418159565888345	-3.1158287513450227
-1.6553716186899692	5.417931160423905	-3.1158068202628013
-1.7093846325296909	5.417919242288917	-3.1197731524071677
-1.7671185253420845	5.418455682229251	-3.1302040246163654
-1.820683788973838	5.418924412690103	-3.13079983417876
-1.8715209489455447	5.419457993935794	-3.130748572979965
-1.9404549106257036	5.42022379534319	-3.130260293550559
-2.007476518920157	5.42090138187632	-3.1301251092666096
-2.0622159955091774	5.421446408610791	-3.130090778511062
-2.1124147886876017	5.421946607064456	-3.1300573997553216
-2.170587729779072	5.422523104120046	-3.1300254484050924
-2.23352499055909	5.423143946565688	-3.129989210885564
-2.2978600981878117	5.423775754403323	-3.12995988574138
-2.3511847965419292	5.424297410063446	-3.1299381888599394
-2.4047262195963413	5.424232565797865	-3.1208339357024406
-2.456887197564356	5.424285490997136	-3.120427912712836
-2.510747860884294	5.424299799371511	-3.1204138432671917
-2.563452910282649	5.424309810623527	-3.120401921627673
-2.6168529496062547	5.424322209786624	-3.1203916674986014
-2.6691345694707707	5.42433508625254	-3.1203838032786746
-2.7198454851750284	5.424349865876138	-3.1203768902926434
-2.7699048033100553	5.424358923919499	-3.120370931463238
-2.8207277776673436	5.424468595534563	-3.12178141173268
-2.8710381496930495	5.424612600822002	-3.1229286837374453
-2.9211940285749733	5.424748505931348	-3.1229262983347588
-2.9719185339054093	5.424885356798768	-3.12292629887283
-3.0224973678123206	5.425027454271913	-3.122926297412178
-3.0728821277734824	5.425156674347818	-3.1229262991833737
-3.1230630396166816	5.425301155075431	-3.1229262993836935
-3.1736599918222055	5.425428948830813	-3.1229262995325584
-3.2282289982540533	5.425610625185072	-3.122698370694505
-3.2968093872768804	5.425822816323489	-3.1220977964809915
-3.383682917803526	5.426008782815188	-3.1214106707845253
-3.4648453700356185	5.426131334155798	-3.121061864995297
-3.537812185124494	5.4262114386074245	-3.121061864995297
-3.6342939836904407	5.426271996926516	-3.1207407149321034
-3.720720241894014	5.426321112550795	-3.1206834941868546
-3.8037318703718483	5.426365457009524	-3.120630324320607
-3.8810746192466468	5.426403604447842	-3.120595518076459
-3.9421813000226393	5.426431258674711	-3.1205290008580735
-4.030918550968636	5.4264665469527245	-3.120440785950754
-4.080998849123716	5.426482282578945	-3.1204026353605374
-4.132114361971617	5.426498017739505	-3.1203795101277176
-4.200224827509373	5.4265275821089745	-3.1202376526906854
-4.259662580967415	5.426559055224061	-3.11996984401418
-4.344839046825655	5.426568589638919	-3.1196391595682433
-4.411254834500141	5.426546653266996	-3.1194350696382935
-4.463433216442354	5.426516138482839	-3.1194350696382935
-4.518345783872064	5.426473697647452	-3.1191711463413143
-4.6130127417854965	5.426385963335633	-3.1188604816725425
-4.723051976994611	5.4262586468830705	-3.118608473788435
-4.791524361120537	5.426165664568543	-3.1184389595478366
-4.881848287943285	5.426016409881413	-3.1183369184961904
-4.950761270476505	5.425892433151603	-3.118278262899218
-5.037008238374256	5.425729830749333	-3.118278262899218
-5.10519499797374	5.425598703790456	-3.11823463408926
-5.235016774269752	5.42534216446802	-3.1181781264493624
-5.293036888469942	5.425225340295583	-3.1181242477870037
-5.3899888503947295	5.42502506962046	-3.118053913499259
-5.475739431101829	5.424844345543534	-3.117966410243785
-5.559431505389512	5.424663623329252	-3.1178967922989314
-5.627834749233443	5.424513420555741	-3.117846245036972
-5.694279621937312	5.4243632182478905	-3.117798328928024
-5.74990792182507	5.424234471283853	-3.117754218592552
-5.808891725842841	5.424094282090664	-3.1177022444957
-5.876973581558559	5.423929773736745	-3.11765742383608
-5.935960244969465	5.423782906960696	-3.117602587463764
-5.989653538621496	5.423647960647941	-3.1175947172142875
-6.05380482703913	5.42348392913118	-3.117525815762964
-6.106314133154228	5.423345646355301	-3.11750721509299
-6.165867281379178	5.423187336418778	-3.117470742959507
-6.2266439906088635	5.423023302108049	-3.117442609018798
-6.2855114445555955	5.422898371703923	-3.1171958484171345
-6.339450311497785	5.422768676653504	-3.1168582458582725
-6.411657285061665	5.422548374161124	-3.116347546036974
-6.493782471166924	5.422234614379704	-3.116165400766853
-6.562749337754212	5.421960913110524	-3.116076950776516
-6.628952932311222	5.421691499184817	-3.1160278294171455
-6.684627961483784	5.42146357242018	-3.1159980296846936
-6.738119554007426	5.421243271324784	-3.1159698959758453
-6.80827040708391	5.420948584098369	-3.115877626853947
-6.8826522345189005	5.420632445253432	-3.1158261309859765
-6.936352205229923	5.420402131509036	-3.1157977619496804
-6.998455952736549	5.420131763909012	-3.115752700548967
-7.093178224051371	5.419750770088285	-3.115383862895391
-7.162495087948628	5.419449889566749	-3.1150219442067173
-7.228734445758164	5.419108950532973	-3.11480117170237
-7.329805326182395	5.418567261192948	-3.114711047293238
-7.381613206700422	5.41828640550375	-3.114683147416664
-7.431952904968057	5.418012698646635	-3.1146574033928567
-7.503669213387184	5.417626461014152	-3.1146008945931847
-7.570652913767844	5.417278848122805	-3.1144230375459325
-7.643527459003963	5.416875442955643	-3.1138994727946296
-7.694197607168462	5.416574557777494	-3.1137011067671576
-7.788072538678534	5.415986141655594	-3.113446718153509
-7.8411902892403305	5.415641865693033	-3.113446718153509
-7.961283158743754	5.414834582712501	-3.1132900729180184
-8.011925648490433	5.414479338098317	-3.113046645258378
-8.071042012714315	5.41405876679346	-3.1129956227267424
-8.163699101016391	5.413393102586269	-3.11295461573545
-8.257009457680397	5.412721241824329	-3.1129174231712815
-8.34885401657084	5.412053667008877	-3.11284589650635
-8.419435453601182	5.411536297760904	-3.112810849478185
-8.490847539971583	5.41101034777239	-3.1127245378954
-8.55148024490336	5.410561642143875	-3.1126599295984057
-8.608796072017867	5.4101334433071315	-3.1126301293463285
-8.660883854376152	5.409742438234389	-3.1125519240509876
-8.72928328521084	5.409225069452077	-3.1125295172468226
-8.789459179737605	5.408765398897231	-3.112463953740086
-8.842183065484278	5.408361040055752	-3.1124207941744713
-8.90214629197726	5.408663352951407	-3.124578301552425
-8.954073857748881	5.409160218667239	-3.1302312056081774
-9.019544554234017	5.409788692835718	-3.1303458858000677
-9.077719640277792	5.410377584397793	-3.1303275273357727
-9.148758839583024	5.411131939850748	-3.1301668327924403
-9.225719403824769	5.411899646278471	-3.129773919227422
-9.294585179071873	5.412557685747743	-3.129707877610448
-9.356509159959387	5.41314752958715	-3.129642551474645
-9.40680117654847	5.413625797722489	-3.129606311836006
-9.463150929426774	5.414159854874015	-3.1295722167306566
-9.516746473847888	5.4146648263558745	-3.129540505857395
-9.568027447909117	5.41514643188566	-3.129515711228276
-9.630405377189163	5.415731034241617	-3.129488770031866
-9.686085653491318	5.416248402558267	-3.1294704120508317
-9.741433096467517	5.416763385757804	-3.1294482394429233
-9.802308987418655	5.417326530441642	-3.129432980454703
-9.855652760597877	5.417667469475418	-3.126198117232613
-9.90635867160745	5.417946896981448	-3.1261532945056847
-9.95848078711424	5.418306907173246	-3.1257644342990973
-10.01517672429327	5.418655475601554	-3.1255205295123534
-10.095454168389551	5.419073182623833	-3.125045125657792
-10.185559223929886	5.419510445557535	-3.12495548103849
-10.26615996286273	5.4198976354673505	-3.124880852200881
-10.321040104376152	5.420158942695707	-3.124859398567025
-10.38791270297952	5.420473657548428	-3.124797644834728
-10.439532232179772	5.420713982079178	-3.124763075767443
-10.51013846276328	5.421073519159108	-3.1244958089137707
-10.560653637803625	5.421314798761159	-3.1241646451921112
-10.619727085868362	5.421572767198086	-3.1239481600576355
-10.677482556086034	5.421794019639492	-3.123791519308684
-10.728141736006364	5.421979987528175	-3.1236947212598363
-10.823829603788909	5.422317584976554	-3.1235902940387357
-10.874461125058588	5.4224954466335475	-3.1235628756926612
-10.936026524170302	5.422707159072161	-3.1235035099586277
-11.000373792485334	5.422924122773111	-3.1234729913911115
-11.055648756213486	5.423108181916177	-3.1234379459608177
-11.117056798539124	5.423309407196939	-3.1233771473888816
-11.185458135209046	5.423542581032962	-3.1233175463550378
-11.248599956918042	5.423774800263345	-3.12287289351861
-11.315921735134907	5.423978886101395	-3.1226418661711373
-11.366902303823736	5.424099050462246	-3.1225202723867316
-11.44101996376412	5.424273094162345	-3.122490947303201
-11.49779410357587	5.424404704477638	-3.1224089283808487
-11.56567950284807	5.424558719620109	-3.122352902362329
-11.62689108721679	5.424695573281497	-3.122316184990969
-11.68093009002041	5.424813825171441	-3.122270886655015
-11.75144476920832	5.4249621271155775	-3.1222298767917733
-11.81195635756012	5.425088487099856	-3.122202699399512
-11.874349546036683	5.425246317870915	-3.1219423449895882
-11.944892835919745	5.425401289947331	-3.1217249087302035
-11.994990301085636	5.425467573106289	-3.1215215372869993
-12.072904537431896	5.425570092629641	-3.12143213127729
-12.14236159157008	5.425659260712564	-3.121373956916705
-12.211238813120872	5.425742227584124	-3.1213114889681814
-12.263367605395615	5.425803740043193	-3.12127643957782
-12.316496801213361	5.425864301621914	-3.121253312801501
-12.392309140937869	5.4259472717531025	-3.1212123083377943
-12.448527287924662	5.4260059222579	-3.121176782102871
-12.528818081773352	5.426120363175869	-3.1209204853160246
-12.600489567616023	5.426176629494876	-3.120671575092006
-12.665332744887564	5.426209531258792	-3.12060911204379
-12.722159338416532	5.426236229483038	-3.1205757318984033
-12.78857512504328	5.426263889297843	-3.1205297159858736
-12.844214390788693	5.426299176644534	-3.120418373656277
-12.895854901522398	5.426339705009013	-3.12025314904997
-12.96431059826864	5.426346863154322	-3.119952919095552
-13.034692717134021	5.426333032548428	-3.119875193326401
-13.098080586292781	5.42631586547941	-3.1198265556449316
-13.153675031499006	5.426299178041518	-3.119794848504631
-13.20986838277895	5.426279624924064	-3.1197509771086325
-13.265540074673481	5.426257690880448	-3.1197173558280173
-13.319575261324644	5.426233376376331	-3.119691372972269
-13.383925390662625	5.426202852278948	-3.1196629988158584
-13.440360974462237	5.426191885955632	-3.11948847669537
-13.49855513498187	5.426151833496988	-3.1194427005633836
-13.551970433618408	5.426114164758474	-3.1194138511466907
-13.606152487103827	5.426073156762868	-3.1193909641695514
-13.657549810770433	5.4260331015102565	-3.1193618799284857
-13.71159262524452	5.425989712588489	-3.1193404192454586
-13.762747715518344	5.425946794450283	-3.119323729328684
-13.819895696593449	5.425897678826004	-3.119305611802441
-13.870652149722446	5.425852857064456	-3.1192929728789514
-13.924491834302898	5.425499997101724	-3.113664622716969
-13.976336431805976	5.424750410020351	-3.1062638819507837
-14.029482793121133	5.423735226038843	-3.098293776876411
-14.080017994507216	5.422011457849294	-3.088686227465259
-14.133267353987321	5.4191294545307755	-3.070059550587619
-14.185134840081446	5.4165664543397725	-3.069856639390121
-14.25160784588661	5.413197599817067	-3.069563401277161
-14.309730481007136	5.409037671517581	-3.0516076209862915
-14.361106823780574	5.405555808451027	-3.0508527905322027
-14.413985204708297	5.400101742241532	-3.024061446557039
-14.468059491424356	5.39425047300756	-3.016119462053483
-14.521705579420086	5.388251387514174	-3.0073161073316443
-14.57447047077585	5.3823257307522	-3.0072884551590113
-14.629421185236424	5.376120650675148	-3.007089630065357
-14.696993780438788	5.368868913967162	-3.007034302981403
-14.748014402925037	5.360830863472074	-2.980252045583919
-14.804552030400373	5.35302361054346	-2.9787030298788384
-14.856911610462703	5.343781553208828	-2.9576130087898727
-14.90917391772382	5.334652503021061	-2.9408686049639168
-14.959675739519298	5.325090013444424	-2.936159598131124
-15.00985331449192	5.314997277222574	-2.9240417359816924
-15.06368060153909	5.304310404229909	-2.9239463650885202
-15.11584658618085	5.293967331759632	-2.9238259697699704
-15.173438978148624	5.28250606963411	-2.923677472903823
-15.223887394997291	5.271236022468656	-2.9042406018808746
-15.279350231867284	5.258582196198404	-2.897671958287472
-15.328154514892958	5.245973667129874	-2.8770293808684344
-15.3867511258577	5.230390154756606	-2.861159758190965
-15.43681139848195	5.217295728623867	-2.8605969457990197
-15.503483724372927	5.199690426234156	-2.8598654761655573
-15.558340978401247	5.1848617400974035	-2.859679932476567
-15.621841382118873	5.1624027118086815	-2.8009572061842887
-15.670466375770047	5.145155986305326	-2.7786979742530287
-15.727799366984982	5.12371977372095	-2.7613226949786323
-15.777515363006387	5.105162702035159	-2.7606551100564514
-15.830773305613548	5.085146031342447	-2.760601717029523
-15.878445576294325	5.067220770288259	-2.7605821920738354
-15.92494196764892	5.048565945122391	-2.74292542289229
-15.971793127187993	5.0298934783786535	-2.7399294341150555
-16.021297406812664	5.008717617485672	-2.723650459982518
-16.069019270013086	4.988770566880703	-2.7236201743121646
-16.11639780981932	4.968937000725418	-2.723363393612811
-16.17167277331464	4.944397532846779	-2.710825204941509
-16.218831968435552	4.9232703084126115	-2.6960263513773826
-16.2821006285958	4.8946610311977565	-2.695878965742141
-16.328191709297244	4.873761734459549	-2.688658728189267
-16.374776792654302	4.851354680024087	-2.6799065621416287
-16.428152035165112	4.826284486800432	-2.6794746256724897
-16.47930712735979	4.801961499731988	-2.668555531434011
-16.530353497131728	4.775051198434085	-2.647904253162598
-16.57512659888016	4.7522655366919935	-2.6477165122815682
-16.621118497219868	4.727682669647038	-2.6332931221605147
-16.666288326960057	4.703754504676908	-2.6317741674140844
-16.712358425720595	4.677591884043068	-2.6098044196587002
-16.76065821503289	4.650572381913662	-2.608313375372209
-16.820171308354475	4.6155868377536535	-2.584405399704947
-16.862834882515017	4.589420398697257	-2.571349726547041
-16.909351299633272	4.559834084007889	-2.5539236092292525
-16.955455731484108	4.530206284485757	-2.5490517158542056
-17.006635617173743	4.497327886521816	-2.5488965012608356
-17.050685834721662	4.4690957884304225	-2.5424416679844124
-17.092496823868714	4.440401158761233	-2.5300522154888627
-17.139839123236015	4.4070087294094265	-2.5062014437967033
-17.182743024779484	4.376344762742519	-2.499429867404447
-17.226566265744623	4.344636044930667	-2.492803382721721
-17.27257533039665	4.309106909669936	-2.4701644720956497
-17.315818738832604	4.275253854226321	-2.457595415132693
-17.356470059254207	4.243165096733719	-2.451023881689239
-17.395818662364036	4.211131652351469	-2.437851119228597
-17.438722563092597	4.176078401040286	-2.4362759720556837
-17.48020548687782	4.1422744621522725	-2.4362316871595873
-17.523628186434507	4.106113517656922	-2.4267635192615513
-17.563819837523624	4.0726509927771986	-2.4198498979085947
-17.60877985879779	4.032690129708499	-2.3981212068413993
-17.668485593399964	3.9787209858186543	-2.3871941352897323
-17.70996470330283	3.9402328352443874	-2.374454529201843
-17.755981397698633	3.89462026162073	-2.3405713691917107
-17.793048810213804	3.856593926437199	-2.3283076059927827
-17.829801511077676	3.8193908547982574	-2.328124758793129
-17.86606974643655	3.782723508309573	-2.327791204740951
-17.91213984519709	3.7345021571964025	-2.300122578256743
-17.95014758023899	3.691150506492704	-2.26832612018947
-17.98363108560443	3.6516948570497334	-2.2570941652860985
-18.020734738209285	3.608458362519741	-2.2561153606612208
-18.054017971502617	3.569431862793863	-2.2560875830786324
-18.08893198845908	3.528565725777298	-2.255999230979011
-18.125373793183826	3.4858840303495526	-2.2559493869583958
-18.162141750799492	3.442808710038662	-2.255916867479161
-18.199583005858585	3.3989451760426164	-2.2558875528440985
-18.23229022033047	3.36062082182616	-2.255865908594767
-18.265590620343573	3.321599803864956	-2.2558492780333177
-18.29902834870154	3.2812090730294585	-2.2436550993768214
-18.333572340314277	3.2388494820334017	-2.233874293978423
-18.365320156968664	3.1987517718225718	-2.21660729446064
-18.39505190856289	3.1582616195082664	-2.1906880320841355
-18.42871088895481	3.1136194095015526	-2.1903576859040963
-18.46191782905953	3.0667172260582447	-2.17175771582865
-18.493265103083104	3.021301353815943	-2.1612701933371197
-18.523479414288886	2.977097832132131	-2.1494683606389984
-18.55305285344366	2.932311854325235	-2.1355834549338524
-18.59009356412571	2.8766864142380655	-2.1347744225023817
-18.622808407410048	2.826186260674149	-2.1085918196652447
-18.64821429224685	2.780789216514677	-2.0796263059566416
-18.67880435026018	2.7279482688754797	-2.0692833197225085
-18.710170697711874	2.673299871850759	-2.0678079095271116
-18.738128613098525	2.6243260726332664	-2.067774396529877
-18.763246488000732	2.5789717049337924	-2.055824980548973
-18.788463544100523	2.53193815657869	-2.0430234668651486
-18.812602949677967	2.486191831063479	-2.034251032684145
-18.83647341595497	2.439560494851321	-2.0217184731178177
-18.85950655885972	2.390747153200209	-1.9974998087194544
-18.883850049809553	2.3403066033497453	-1.9969942710184667
-18.90933413465973	2.2851255778223276	-1.9777900855206194
-18.933103514136747	2.2295559253543615	-1.9554858051091046
-18.9550170408329	2.1786571387201548	-1.9497525465391174
-18.977189968922175	2.125443540047854	-1.9443965426300547
-18.999238918768242	2.0725007872097194	-1.944088407256076
-19.024454068858176	2.012789568398148	-1.944103267385165
-19.04317660315428	1.9625616883859038	-1.9212570182708364
-19.062559079146013	1.9099143403582275	-1.9039239038675246
-19.081375074456446	1.8581589106470346	-1.8955419179881317
-19.097940396692138	1.8109118547290564	-1.887491816106682
-19.11514277360402	1.7596733216196299	-1.8761877583177555
-19.134981106733903	1.7011854285374284	-1.8761762852995616
-19.15082163742045	1.6493430929258466	-1.8557768054146402
-19.16687197657302	1.5992208342067897	-1.8533463890578539
-19.182329128612764	1.54683168977499	-1.8448282141362107
-19.20044894120656	1.4873333792202175	-1.8448439268001788
-19.217193555785343	1.4327652077190578	-1.8448236595582737
-19.2317161069368	1.3799585904926062	-1.8263302023338948
-19.245025586453266	1.3300915569998324	-1.8160153558306995
-19.25878138525877	1.2773698163218796	-1.8041559384888657
-19.269767713092733	1.2284782771021128	-1.7779486124152692
-19.28163332917029	1.1777044162154198	-1.777324414514616
-19.292224834789522	1.1275835866108537	-1.7601322769742083
-19.302766751148738	1.0780318593606353	-1.759535900835047
-19.3132667056052	1.0288996323943138	-1.7594500911271616
-19.323736141435802	0.97985555883497	-1.7592085920791984
-19.334506940620486	0.9195360774174333	-1.7286472007333318
-19.342641781433485	0.8681004266254604	-1.7075884633105918
-19.350683163153008	0.8182010846212506	-1.7068795633762426
-19.358203839045018	0.7618719567544758	-1.6870982459697803
-19.365535686840303	0.709149681031704	-1.6869481994124274
-19.373573254037183	0.647586127743125	-1.6700182691370535
-19.380083036900032	0.5844281525351107	-1.6527210410340631
-19.385618161584716	0.5261388653889298	-1.6473633856260816
-19.39099688443821	0.47225074796006083	-1.6456075723923704
-19.396108578774147	0.4191154148429632	-1.6458286912831113
-19.400125455926172	0.36140262242406607	-1.6221184354087592
-19.40316386183258	0.30921089043840766	-1.6093801192838537
-19.406484555802308	0.2536712512373924	-1.6077343204238863
-19.410242032492533	0.1896036947146058	-1.6076240458767757
-19.414197873149533	0.12074247328564525	-1.5926404196030475
-19.413915586774237	0.06958345416933298	-1.5735261603208313
-19.413694332761224	0.011053027119487524	-1.5482423828771577
-19.41308016719995	-0.040684742387384176	-1.5367166835685366
-19.411909054848365	-0.09376364946365356	-1.5225130171982344
-19.40922160167247	-0.14622282283380628	-1.4999458185844576
-19.405370664258953	-0.20639286236837506	-1.4906509846456466
-19.402091931086034	-0.2625782862305641	-1.4906239640627383
-19.398698758450337	-0.3206569915637374	-1.4904869983085705
-19.394466351426672	-0.3762198183685541	-1.4744578244518332
-19.390003157197498	-0.4317164486274123	-1.4687747434361622
-19.385679196449928	-0.4829251249320805	-1.457587711049359
-19.379919004742987	-0.5355694065801799	-1.4485874311416291
-19.373729658371303	-0.5973605304025114	-1.4482146011959534
-19.367856930126436	-0.6552790785208344	-1.4480559918445184
-19.36110491794534	-0.7216605320572853	-1.447987802609715
-19.353334377985448	-0.7872061529196799	-1.417723078194672
-19.34288973803632	-0.8541552820242941	-1.3954077352464729
-19.332313490100205	-0.909425176680088	-1.371325930660113
-19.322839687753003	-0.9620108366943896	-1.3704784904850218
-19.312074613233563	-1.0216840892098844	-1.3704540622512817
-19.30276484391652	-1.07319394685328	-1.370437104424296
-19.293207120732404	-1.1225688853301108	-1.3596885249161643
-19.282670926186256	-1.1734929424710572	-1.3467411867572248
-19.271675060561392	-1.2240016791038215	-1.3335420803889377
-19.259342145291157	-1.2755083227530122	-1.317313789970311
-19.246925306040794	-1.3278692155145109	-1.3090027072182258
-19.232482862542383	-1.3794281869195402	-1.2936287668887405
-19.21881861728616	-1.4296930208802223	-1.2830251919236615
-19.204608867992647	-1.4818566222675145	-1.2829762593519471
-19.191167783807032	-1.531195918098092	-1.2827694779923193
-19.177894542983267	-1.580818691290915	-1.2827059789703779
-19.154622982721776	-1.6546645546332002	-1.2547965565348556
-19.13625902973581	-1.7117176465690136	-1.2348746346540687
-19.118291805381887	-1.7612817650660872	-1.2134291897564757
-19.09687418793328	-1.8230100059881806	-1.2126218276580247
-19.077844572020695	-1.8774201031774282	-1.2123054616117337
-19.058786344656255	-1.9276285539381206	-1.1830655050682275
-19.034440945717506	-1.9869499593041837	-1.1623152808579045
-19.012103985529393	-2.0371905914507806	-1.1416964271371248
-18.991123150161002	-2.085973182693124	-1.140851704041444
-18.96977228973992	-2.135370173957199	-1.1408097729542435
-18.947345684398897	-2.1871909298934042	-1.140780441900319
-18.926008177164476	-2.233590520452708	-1.1213782662177325
-18.90285487152869	-2.282211701385677	-1.1064996480824862
-18.880729626107495	-2.3289796481840312	-1.106212574209136
-18.858114193484653	-2.375196849927306	-1.096643165508086
-18.830713224364445	-2.4315866609103978	-1.0966460623735899
-18.807645750115626	-2.4773518200963736	-1.0837083769293512
-18.780015897471458	-2.5312256016768515	-1.0751755580173965
-18.754205656412523	-2.5814761305227876	-1.0685591094580504
-18.72564883204177	-2.6321171885356307	-1.0435154408147045
-18.696266125771217	-2.6853012223728	-1.0428527589129986
-18.665710401837714	-2.741299071814865	-1.0424697487352579
-18.633954953285865	-2.791064418386668	-1.00560150442082
-18.603103588917293	-2.8413831358775496	-0.9958788470554073
-18.568803739035502	-2.896980922203511	-0.9955805682191832
-18.542438458185643	-2.939639486838132	-0.9955583077149125
-18.511350582761224	-2.9884013338014483	-0.9828809706351965
-18.484201383776963	-3.0308357877656817	-0.9783035728574218
-18.453359554579947	-3.077532924246043	-0.9656621419194037
-18.421581219532527	-3.125820076558739	-0.9650692935748664
-18.387733411975205	-3.1767527228221297	-0.9601593810880313
-18.354185056639835	-3.223207868169993	-0.9362607912217215
-18.322032879455946	-3.26896611507982	-0.9357601250287838
-18.29268832236994	-3.309647004120052	-0.9265135644407289
-18.261726331780665	-3.350232039578259	-0.9086283742100725
-18.230440092505887	-3.389717498794198	-0.8825022343566393
-18.194797467789613	-3.43518153578043	-0.8824005210299882
-18.156118343700655	-3.480950275901705	-0.8552095753306584
-18.118089627823792	-3.52423874521628	-0.8318137816109826
-18.078844021540135	-3.568470634985715	-0.8226790707909458
-18.039756725658663	-3.6125361109152436	-0.8222045747834534
-17.999984692782164	-3.6572546153329313	-0.8220398917298785
-17.955833386571612	-3.704275048337877	-0.7927100217922068
-17.921319913933985	-3.740850366652012	-0.7870779984902361
-17.88493533153087	-3.776904262136668	-0.7700315597143118
-17.848777723731473	-3.813445965759456	-0.767794074951906
-17.80328745767474	-3.859340109862387	-0.7677481842663072
-17.760234783636406	-3.899585642851889	-0.7374856737583642
-17.723787258495577	-3.9340895796194673	-0.7340432676303895
-17.684858274878934	-3.970647253561765	-0.7256922039608144
-17.644184063537978	-4.006361878477037	-0.7098958267427399
-17.604289960116148	-4.042225753888488	-0.7097977376679402
-17.56407923612278	-4.078324239235371	-0.7097110052735709
-17.524606656923424	-4.113758482504636	-0.7093604934826158
-17.478467893379275	-4.154927175026387	-0.7014200496793497
-17.436746549326926	-4.189019123557955	-0.6748896688037451
-17.394657086930238	-4.224301734007895	-0.6737699671900127
-17.352865171735175	-4.259031692519784	-0.6736923799052204
-17.310596417984925	-4.294205587357283	-0.6645245622713208
-17.265062283724546	-4.329965511336923	-0.6534851846497187
-17.2170829300303	-4.368578354362398	-0.6534175776850721
-17.174236249993555	-4.401398100424558	-0.6380667291131595
-17.129581403336488	-4.434711374342442	-0.6222767296816346
-17.086246442398988	-4.465598500799388	-0.6002753021824343
-17.044416378601454	-4.493542592041194	-0.5717251018929442
-16.994619322184008	-4.524720588698983	-0.541830719983488
-16.943517635809258	-4.557188906241208	-0.5418200345912839
-16.899070692132227	-4.583501732908189	-0.5203709130448687
-16.849473905924242	-4.612215437926352	-0.5084532278100572
-16.805406522820704	-4.637207426130772	-0.4988163184241427
-16.758912992372643	-4.663858810905367	-0.4986395167905725
-16.710020016063936	-4.690319930203259	-0.4776932798666285
-16.656476925476454	-4.719020284712315	-0.4703716191069005
-16.611663771094754	-4.7432059408165514	-0.47028590041384655
-16.5639400005457	-4.7681473875418305	-0.4599464062284958
-16.51883501879638	-4.791688839439303	-0.45856800149916727
-16.466390561545268	-4.819000638555735	-0.4585344612443808
-16.41625590226613	-4.845118918456137	-0.4584380551405827
-16.363553952192888	-4.872830308973789	-0.4534701296576291
-16.316465329262428	-4.895330347586423	-0.43687434200754954
-16.268514585564844	-4.9187955050729215	-0.43612655496627123
-16.221185636415612	-4.940312305465341	-0.4144851624967828
-16.17438883637078	-4.961203015875071	-0.4016503755826195
-16.12704844388645	-4.981876294128597	-0.3889960845106127
-16.070283841341734	-5.00660697510466	-0.38771035318911545
-16.021638821228407	-5.027696527540684	-0.3875681051159101
-15.969568204658572	-5.048313539475203	-0.3652582836499891
-15.915636015124619	-5.069596212822944	-0.34945405004446184
-15.864179563359357	-5.089584750588983	-0.3463216032481634
-15.806477498845197	-5.11065665492788	-0.32867872338317883
-15.750861120701302	-5.129533682949841	-0.30295464495426205
-15.701452207227703	-5.145473399665207	-0.29648746048544333
-15.64717955532251	-5.163477816153318	-0.29654600879198284
-15.594050359213725	-5.1792439594864845	-0.27605462037723677
-15.543984364136122	-5.193749344907701	-0.2573443136426786
-15.493573141400702	-5.206871428992599	-0.23783823243456298
-15.440660429303534	-5.219643033109605	-0.21731114350883532
-15.38968558277702	-5.232106603682041	-0.21724030531027555
-15.34038824995514	-5.243347088806331	-0.20608590531150084
-15.283721875515766	-5.255615626927465	-0.19263429232007862
-15.22079462907277	-5.269345199689269	-0.19259859799129658
-15.168574285227805	-5.280686772428453	-0.19258317442619247
-15.118616056046449	-5.291548647452146	-0.1925528252359791
-15.065580320660956	-5.303074277937412	-0.19252989607752033
-15.005969952675514	-5.316026128362864	-0.19251179646264271
-14.951427411520854	-5.327876484952867	-0.19248887982976387
-14.90058703336399	-5.338177124038339	-0.17917679479925855
-14.848429632373154	-5.348278915509582	-0.16897262898962614
-14.791775656165555	-5.3592342510819435	-0.16880485615814203
-14.732109022559598	-5.370515265036374	-0.16113710558220762
-14.680108974978793	-5.377205767668784	-0.12627364754625633
-14.62591738672927	-5.385033048689365	-0.11493604244782195
-14.568205785646569	-5.392764485441148	-0.1136417399081333
-14.513174963300116	-5.398972427472472	-0.08680560282542014
-14.45630640827585	-5.403367438819259	-0.05447215990920114
-14.399874639348127	-5.4076923481188715	-0.05337334234770635
-14.343140554963611	-5.411322513129562	-0.042693000608657876
-14.292170477099717	-5.414636053610593	-0.04203520112437986
-14.239300680579618	-5.417582907248288	-0.036303546778727554
-14.187608670326881	-5.420056737028062	-0.02705332533668963
-14.136304807092529	-5.421428121160716	-0.010321216152832526
-14.084928463795222	-5.422400869894773	0.0010685913886760955
-14.034245443413965	-5.423451816663146	0.0010851031201244568
-13.984123182308394	-5.424313941504806	0.003981024284341476
-13.921335172723047	-5.425453105010092	0.004399140256586584
-13.869481992383953	-5.42633096082136	0.004579702784232095
-13.817106198519468	-5.427213588729501	0.004653738939861809
-13.753307294449769	-5.428284086287022	0.004688360131440645
-13.700595807051286	-5.429166715592146	0.004719785371361681
-13.636829327093437	-5.430232443846762	0.004750145186066861
-13.58440871105995	-5.431106961797923	0.004773048507389953
-13.53309817344416	-5.431960023473948	0.004790624859506412
-13.476242016186006	-5.432020106818527	0.018291252735478093
-13.42177672352409	-5.432170307263732	0.018363690894005608
-13.36649126856355	-5.432390607893467	0.018408965838890623
-13.29552931751823	-5.4325923109427094	0.018940533489216843
-13.231407117564231	-5.432754911947995	0.019012972018754085
-13.178538275242317	-5.432883656583726	0.019052919216570076
-13.11182398663368	-5.433042920194566	0.019084343768852853
-13.045819234859664	-5.43322936585173	0.019355988482880566
-12.964839887572452	-5.4334277315065265	0.01957223394890761
-12.902499150368385	-5.433525006752461	0.019920577826245785
-12.847772550303489	-5.433607497718185	0.019965317981711108
-12.784323642961681	-5.43370334059	0.019994077702941093
-12.730931234778836	-5.43378011090681	0.020057993349573977
-12.666674566047732	-5.433870234992355	0.02011019356543335
-12.584062527283095	-5.434012331068516	0.020384499813634008
-12.53074927313719	-5.434071938041598	0.020554408867049463
-12.47948737104889	-5.434117235708982	0.02059329393820682
-12.399440717417747	-5.434185423422605	0.020652415474033837
-12.325550031499006	-5.434244075790048	0.020713133030152493
-12.261547994683497	-5.434291759040207	0.02075414703030495
-12.183462093991693	-5.434362331870943	0.020967199619040575
-12.111021947755944	-5.434396659489721	0.021066799289967866
-12.05450911493972	-5.4344190754927695	0.02111846686835061
-11.996913861774374	-5.434438624419272	0.021158946512304745
-11.940137814264745	-5.434455790556967	0.02119196890770404
-11.881130171241239	-5.434495844878256	0.021359748187441838
-11.797048519772943	-5.434502043761313	0.021562149775809877
-11.730807256884873	-5.434494416695088	0.02161008663075343
-11.669960926985368	-5.434482969343662	0.021657490543289474
-11.615417431341484	-5.4344715271145105	0.02168838553723978
-11.549402188451495	-5.434453404974192	0.02172619831139865
-11.488470029260498	-5.434435285627842	0.02176881134873257
-11.395044278469868	-5.4344414859078825	0.022215158361151666
-11.32854266196955	-5.434385217726231	0.022247648678655724
-11.274340581148863	-5.434341826941818	0.022301442097108996
-11.213763189793099	-5.43429128266871	0.022328606243421874
-11.130573223577812	-5.434252659790218	0.022605042466681005
-11.055067966808565	-5.434182085562497	0.022818628182628378
-10.98958582780324	-5.434091011993587	0.023255918607330017
-10.849574041669257	-5.433837331831455	0.023689481252308672
-10.765137625276111	-5.433658994734287	0.02394567853263123
-10.681681583810132	-5.433449663221836	0.02394567853263123
-10.631071995943785	-5.433320440817624	0.023995214286991997
-10.549142788397148	-5.433106341864914	0.024072446671443298
-10.46905703417724	-5.432894148863852	0.024072446671443298
-10.40433878742624	-5.432721531949937	0.024178972252298654
-10.332189511798788	-5.4325265060178936	0.024214123436093755
-10.252176237059757	-5.432305731810629	0.02424874529173847
-10.17416472453624	-5.4320911527611315	0.02428390025695321
-10.102955769281834	-5.431905664969236	0.02449695489786883
-10.038487385492772	-5.431723990943283	0.024583240759570007
-9.986823034763802	-5.431561866309494	0.024741430722290958
-9.930179547343869	-5.431369699537754	0.024741430722290958
-9.8243159763515	-5.43100920971483	0.024911342184357595
-9.753271054825746	-5.430764594115317	0.02492891618562887
-9.69538302370347	-5.430562891531736	0.024964604099760222
-9.637033415259793	-5.4303568988107145	0.025050891124523873
-9.585855435347185	-5.430174747481942	0.02508338177141395
-9.493988942936994	-5.429844774771482	0.025158481684678862
-9.440090130432509	-5.429663099348545	0.02533691310414508
-9.384352635359392	-5.4294671206735075	0.02543331822998549
-9.297149609425105	-5.429112829267979	0.0256074908379602
-9.203745793434791	-5.428717054892331	0.025778997939676387
-9.14814276684774	-5.428478634450585	0.02581308607184788
-9.063719700614456	-5.428776184096932	0.012867460794863271
-8.982862425269559	-5.429838574491441	0.008092412855115775
-8.91955180093646	-5.430557170882821	0.007921437599944875
-8.867698622285388	-5.431159412488341	0.007873501190749171
-8.815410566865467	-5.4320057993754745	0.007928894299305014
-8.753168057650328	-5.4327768459916115	0.007966179052023374
-8.7004069792456	-5.433500206563622	0.00799866873974812
-8.644518803572282	-5.434255041182041	0.008025300727566133
-8.58636469754856	-5.433654226362705	0.02583865196710212
-8.530834150034934	-5.433501163031906	0.02648526812327183
-8.477043103019241	-5.433259406127036	0.026611501120931517
-8.426912260125391	-5.432991897221655	0.026905515317461683
-8.373604725929908	-5.432700076140463	0.02692415746539523
-8.308147382107563	-5.432338635902852	0.026962505450979626
-8.243897390784696	-5.43198481714353	0.026999789662399354
-8.189603758277372	-5.4316829815506935	0.02701843428819528
-8.131824445037637	-5.431390680838376	0.027273031685877483
-8.06111807830166	-5.43098060041666	0.02749247606523829
-7.990913819288835	-5.430556215811521	0.027534555836903375
-7.933262298814952	-5.430202880408615	0.027584621095792357
-7.875763367163017	-5.42986575840041	0.027694876938032867
-7.782797764404677	-5.429314052220434	0.02796225743401599
-7.723037193529308	-5.428916851058602	0.028265860437759662
-7.649780225881841	-5.428418077528477	0.028336166329817242
-7.591406774008647	-5.428017056547105	0.02838623079588721
-7.526666592166293	-5.427568353712559	0.028436301740649414
-7.468559692846611	-5.427163994405419	0.028477313042852847
-7.402800989570096	-5.426701466552913	0.028522053514019652
-7.34766812203452	-5.426311415620148	0.028542826853030424
-7.291089010366704	-5.425908959470689	0.028582776646542272
-7.238174391153734	-5.425529876258224	0.028603545496132365
-7.180078458623029	-5.42511169007048	0.028631246050971882
-7.12481589341769	-5.42471352731809	0.028650953642605784
-7.066651773289777	-5.424818436149508	0.020602341953675416
-7.007165859860834	-5.424860395025462	0.020654009901383955
-6.950150919088628	-5.42493764590472	0.020901685169649735
-6.878735016682185	-5.424970547202975	0.021285180278227313
-6.809646557783708	-5.4249815149232745	0.021344835911057392
-6.748211812111549	-5.424999632872641	0.021405023899362042
-6.694679688313045	-5.425027766264975	0.02173525597649012
-6.6250657553900965	-5.425036349333823	0.022087325747121713
-6.5605749597307295	-5.425013936124742	0.022416493888621325
-6.48564190918114	-5.424958627205342	0.022609302238819365
-6.394035290111788	-5.42484513996169	0.02269026513628883
-6.318735552020371	-5.424747863318771	0.022775485617750956
-6.26401610346511	-5.424674907699227	0.022775485617750956
-6.199079466401599	-5.42458669282496	0.022864968770238484
-6.117257070611231	-5.424471775535494	0.02293207973456074
-6.065910290169995	-5.424397388007492	0.02296350325797464
-5.996954870177433	-5.424294391646981	0.023035408710022076
-5.944632958853617	-5.424213327467442	0.02307269538392866
-5.877219628950115	-5.42410508915782	0.023125422758115452
-5.816593597992323	-5.424004471395165	0.02316856658990996
-5.7661895274650306	-5.423918642103672	0.023204257768093258
-5.703779172443319	-5.4238089714199305	0.023243133823481574
-5.638145398872439	-5.423690236639231	0.023277225200885134
-5.5875653739785776	-5.423596776090562	0.023302789276840485
-5.53601641516434	-5.423499982338399	0.023323032738307055
-5.485123585618567	-5.4234022265300155	0.023343802736507914
-5.434089134680107	-5.4233039994724095	0.023359784113423265
-5.382536361808889	-5.4232362867332995	0.023606392665861873
-5.3158640373148955	-5.423100390005857	0.0238114554746335
-5.254551362188067	-5.4229525732807815	0.023907326130129254
-5.20379347668495	-5.422826209105551	0.023961655851581595
-5.1309594615595415	-5.422678389586508	0.024317988572047856
-5.056820343714207	-5.422495763748884	0.02454595400656014
-4.979015779914334	-5.422251141630113	0.024915601100140808
-4.901255081873387	-5.42197839403525	0.025015204154471397
-4.826658201345708	-5.4217137498781085	0.02506900045232798
-4.770215940254275	-5.4219679003581405	0.013438441261787693
-4.713782261998858	-5.422386087011546	0.007527822368848681
-4.663347671856172	-5.4233702798374	0.006866826181440364
-4.606119584990665	-5.424089825712144	0.006753907198120021
-4.524682474555448	-5.425378717016429	0.00677627787362361
-4.459833096072543	-5.426306642126292	0.00684658599125031
-4.402753303875215	-5.42710725357756	0.006882804274573844
-4.343445253151003	-5.427983202505857	0.006908370060281631
-4.291789006383624	-5.428367054089904	0.013158809935637752
-4.238091898034327	-5.428836739156395	0.013524727150840384
-4.18200821778737	-5.429317869711667	0.013668537636316178
-4.112237881636247	-5.429889596998692	0.014104230948377885
-4.057820272631943	-5.430288235656917	0.0141841272516948
-4.00108427851228	-5.4306983151473105	0.014222476905680353
-3.9499392030993477	-5.431068338919431	0.014257631490459825
-3.8811983581399545	-5.431585231330246	0.014438725862431867
-3.810561607708223	-5.432110225316137	0.014857908125811855
-3.7458323938772082	-5.432532703969628	0.014928748787919775
-3.6578225616831332	-5.433101571165025	0.014995324745126498
-3.590450000949204	-5.4335345407016575	0.015082677790496466
-3.531267834128812	-5.433915057219565	0.015103983553635365
-3.4382335648406297	-5.434538283850998	0.015218499933861438
-3.38059301226167	-5.434877314604819	0.015483217263839914
-3.3038827897398733	-5.435326017439365	0.015644603183161788
-3.2519487849785946	-5.435626904945821	0.015698932144614364
-3.1902195930015296	-5.435983097180724	0.015745804830365764
-3.1300217625685036	-5.436327375005931	0.01580279816675884
-3.0720107067609206	-5.436655439902097	0.015841145636578464
-3.018001030490268	-5.435536780394614	0.039471374994202196
-2.9565455420524813	-5.4343928480520844	0.044266129809363196
-2.903118322894443	-5.4332622666843235	0.04448877354003881
-2.8471064075129107	-5.431954780593514	0.04435028698612312
-2.7896301266155206	-5.430645862128586	0.04474017361136087
-2.7200343132717535	-5.42901650769636	0.04472739145503005
-2.656228255655151	-5.427531160414219	0.04478917845183253
-2.601694773999043	-5.426258484367281	0.04482646409387474
-2.5392734520719387	-5.424799837637693	0.044857353425616
-2.471615266345907	-5.423213399481028	0.04489144987972493
-2.4187168589560315	-5.421727097127587	0.04492766573069294
-2.3582763199228793	-5.422571578528732	0.020059060533439588
-2.302889775543008	-5.422614015173167	0.019672370994754326
-2.237720679724589	-5.4227456212975085	0.019769310394460032
-2.1789841178106144	-5.42287389235571	0.020149609819800608
-2.113111686776392	-5.422968304716051	0.020534169065012983
-2.045097302470822	-5.423009314574301	0.020773852708772477
-1.988288115360774	-5.42304650740698	0.02080421530203241
-1.9259074435103685	-5.4230860862880945	0.020869727853376496
-1.858031940064393	-5.423125182744116	0.020923524519828395
-1.8057996743009426	-5.423153317999095	0.02094216656370616
-1.754004669492133	-5.423180021345615	0.02100288485620328
-1.6999858142226003	-5.423204343765974	0.021032180224649973
-1.6386687268968672	-5.423227705061436	0.021068929706031407
-1.580846022348851	-5.423250118270516	0.021099290746547317
-1.5241705878870562	-5.423294939100742	0.02125375612034126
-1.4735115274088457	-5.423333086073399	0.021444970842631094
-1.412366581207607	-5.4233302269130945	0.021887054768367366
-1.349136780248955	-5.423300186172128	0.021929133595104715
-1.2870581867173314	-5.423268714919686	0.02197440592785294
-1.213611553539522	-5.423228181432933	0.022034061847068877
-1.1544159170007333	-5.421698013320565	0.04149964261125472
-1.0976745611405931	-5.420411029364914	0.04653301378033251
-1.038335750985425	-5.418956198263913	0.04666830148934565
-0.9869791383389384	-5.417670167982578	0.04671197920467404
-0.9307920455466956	-5.416251101531088	0.046738612616231676
-0.8726089105475694	-5.415277876891196	0.036913138523802944
-0.8171187156112865	-5.414442933630198	0.03562150662008737
-0.7626164666144177	-5.413660922087729	0.03563216584276088
-0.7098289839341305	-5.412909905426204	0.03564707333926561
-0.6572717533563264	-5.412456433288753	0.030038987500190996
-0.6045656921342015	-5.411979118362069	0.029809957506561378
-0.55424011987634	-5.411555212922394	0.02981901505376416
-0.501997482846491	-5.4111141338944435	0.029826469511764618
-0.4504898595623672	-5.410679736174643	0.029831800156590572
-0.3952500333543867	-5.410225308965892	0.02986269043005691
-0.32566757150925696	-5.40967695042491	0.03040437489455689
-0.2566768645774573	-5.4090561042539775	0.03066376829528717
-0.19945923559134826	-5.408528247848153	0.030713835789417845
-0.1459413873963058	-5.408031382597983	0.03075325118238074
-0.08853832934983075	-5.407153047155589	0.030794262574536276
-0.03692458855221048	-5.407713332213461	0.02237654116469375
0.01945473632076755	-5.40761558059603	0.022132066930808835
0.07633414398878813	-5.407552637625486	0.0221565664031751
0.13410242239478976	-5.407498277723789	0.022178403894188195
0.20218983676750213	-5.407492079306394	0.02267854423047532
0.29467703693080693	-5.407386699691415	0.02319306962996423
0.3540255904663354	-5.407284654676914	0.02325059483965427
0.4070280686719343	-5.40718690212816	0.023331021541318823
0.4670829367241822	-5.407075323164463	0.023386946646500976
0.5405330539215356	-5.406934180762619	0.02341464286827928
0.6022953288629651	-5.406812110450119	0.02346790723385454
0.6761298661585897	-5.406674781348556	0.023507854244657424
0.7721274986397475	-5.406508364714682	0.024098544167664424
0.8242841850733384	-5.406389154493809	0.024339827482551545
0.8891790406196378	-5.406214632093906	0.02467378512438793
0.943490850739181	-5.40605250839144	0.02467378512438793
1.0410032751969993	-5.405722538009286	0.025035444286782033
1.0930098769604228	-5.405535616911948	0.025083913410464093
1.204484511865303	-5.405127444770187	0.02515901663784054
1.2866764559876174	-5.404822268988937	0.025212274942479553
1.3438528060214594	-5.4046081667765975	0.025263943537314665
1.4143082379014231	-5.404341137968004	0.025329986514984335
1.5050018325564452	-5.403993049636483	0.02538857687004488
1.560251761751715	-5.403787053190172	0.02545356034397275
1.644650983856991	-5.403474247083068	0.025780596282924853
1.7012507208855823	-5.403243938926607	0.025978736303650822
1.7682008037809283	-5.4029397163540125	0.026104967901765447
1.8327452427474782	-5.402638832572848	0.02614598111079529
1.8889430041890591	-5.402374185156077	0.026200843973815696
1.969025302794762	-5.401995100546628	0.026252507719273722
2.0565696249250323	-5.401575960218906	0.026300445703169587
2.1234400756657124	-5.401250755414367	0.026384599539012447
2.189246703928802	-5.400927939917892	0.026442125913209318
2.2530878063407727	-5.400610365904868	0.026488996312999114
2.3121741309878416	-5.400313295889646	0.02652734412937282
2.3766162881511264	-5.399986664764583	0.026558239254668003
2.4291425244882703	-5.399717728141695	0.026588599581710996
2.4843585967319086	-5.3994325790554285	0.026626417979834123
2.5404541969764978	-5.399140754248947	0.026651449805338946
2.5945761679904535	-5.398857036605477	0.026672223921404364
2.649982023751363	-5.398565685376525	0.026691398651812522
2.7014613643405028	-5.398293891921639	0.026706310182394704
2.7738769534043968	-5.397951046470553	0.02712070130963102
2.8371515760663897	-5.397518076002598	0.02723788007877976
2.902870465477463	-5.400000013411045	0.0018963017735442041
2.9667172917397693	-5.402297415304929	-0.017257685747241545
3.032198239117861	-5.404784596525133	-0.01745902031978356
3.084704448119737	-5.405504144728184	0.004981307073551767
3.1406138421734795	-5.4063023696653545	0.008780040771265124
3.194600153248757	-5.407004275824875	0.008810400785811027
3.2537134180311114	-5.407789147924632	0.009050618194080668
3.3060288912965916	-5.408465778455138	0.009265268576871842
3.377780961978715	-5.409349358640611	0.009904959976793084
3.4597220897558145	-5.410294928122312	0.010129199077554208
3.5305507659213617	-5.411090771201998	0.0102362573333737
3.602304984116927	-5.411892808973789	0.010300173925400608
3.660067843971774	-5.41253701550886	0.010394448831441836
3.715345907083247	-5.413149275351316	0.010408297622996212
3.7670467391144484	-5.413719571661204	0.010458896995826038
3.829146910808049	-5.414402876980603	0.010512159878404724
3.9216249462915584	-5.415445723105222	0.010801913196431734
4.012068320298567	-5.416431823279709	0.011013367865399238
4.098556090029888	-5.417312540579587	0.011424027146751446
4.156805563950911	-5.4178990512155	0.011467702802122866
4.216525126888882	-5.418494620360434	0.011522031853199667
4.271808195509948	-5.419044892769307	0.0115699678995205
4.3273468493134715	-5.419594681356102	0.011598731069092838
4.382412482169457	-5.420137802138925	0.011612579568315178
4.439961004885845	-5.420701897703111	0.011716975206595426
4.4903688919730484	-5.42119351727888	0.011726029275194933
4.553143548429944	-5.4218148360960186	0.011805924098036194
4.6167541042668745	-5.4224542756564915	0.012120710536338826
4.680350352427922	-5.423045079223812	0.012236823484787135
4.735545682953671	-5.423553387168795	0.012278901343695513
4.788226653297897	-5.424036422278732	0.012317783666617914
4.842398690758273	-5.424531381111592	0.012361993143943241
4.903586913016625	-5.425087370444089	0.012407798314172746
4.971194793120958	-5.4256982007063925	0.012445083893566874
5.023622561071534	-5.426169788930565	0.012496216719911553
5.083439398673363	-5.426704803481698	0.012529239740050376
5.13416009087814	-5.427228368353099	0.016625712660593216
5.189512778830249	-5.426614680793136	0.025113740200483414
5.246422815602273	-5.426426329649985	0.025198961296395817
5.318727541831322	-5.4262012601830065	0.025442378297806496
5.410831499379128	-5.425847450271249	0.025909494966776556
5.486830283072777	-5.425504126120359	0.026299382165674703
5.539152671350166	-5.4252471113577485	0.026758503704644044
5.589858579158317	-5.424983896315098	0.026941203358380107
5.652238893148024	-5.42464391188696	0.027047726762951276
5.72295766021125	-5.4242471838369966	0.027107381212917177
5.802230883156881	-5.423796095885336	0.027169701399307786
5.87775569036603	-5.4233626504428685	0.027258650158590417
5.93956618354423	-5.4230050216428936	0.027291672658530306
6.000923681422137	-5.422647874802351	0.02735186033277082
6.054944564006291	-5.422330774366856	0.027405125085027928
6.128059436043259	-5.421895899344236	0.027429090167282313
6.188644933630712	-5.421533982269466	0.027490347203349027
6.243598986940924	-5.421201624441892	0.02754467535816914
6.3079886911436915	-5.420980848371983	0.021629261213394105
6.373944806691725	-5.4212822103872895	0.018086193435897742
6.430602122913115	-5.4215282569639385	0.01809204963625421
6.481211711303331	-5.421728052664548	0.01810749504204534
6.5384736532578245	-5.421942630782723	0.018622551710041815
6.603577661328018	-5.422160065732896	0.019119495290752162
6.681468059308827	-5.4223622446879745	0.0192313508898945
6.768254328111652	-5.422546304762363	0.019700598024235964
6.819517183350399	-5.422639288008213	0.019981296703648326
6.87209086533403	-5.4227255918085575	0.020131495452653397
6.93105654779356	-5.422816197387874	0.020131495452653397
6.990274478273932	-5.422895829658955	0.020295548764166213
7.048135806282517	-5.42295685922727	0.020295548764166213
7.111348199425265	-5.4230207609944046	0.02042870802272872
7.166687537799589	-5.423073687124997	0.020486232641666425
7.242657233146019	-5.423146167770028	0.02054162510852162
7.37031226255931	-5.423259174451232	0.02055920336519454
7.424713659565896	-5.423305907752365	0.020647620360904822
7.509321738150902	-5.42337457370013	0.02068224017968407
7.564440775080584	-5.423417011741549	0.020699817703268394
7.624167013214901	-5.423459927085787	0.02076959349475157
7.698269892367534	-5.42351046949625	0.02085001982795951
7.782826472190209	-5.423563399352133	0.02092032801304131
7.857487250352278	-5.4236239567399025	0.02112272803917962
7.955250311992131	-5.423684992361814	0.021521671604845968
8.047984172240831	-5.4236964378505945	0.021622339142367317
8.099978495039977	-5.4236873760819435	0.02180449757628128
8.204296160722151	-5.423638739157468	0.022042583907228
8.280856180936098	-5.42358723981306	0.022198111811518834
8.376358079956844	-5.4235152383334935	0.022236993121347817
8.432251024991274	-5.423471372574568	0.02229132238696645
8.499441195745021	-5.423414626158774	0.022344052739117923
8.564522791071795	-5.42335788346827	0.022378141002032163
8.633714723633602	-5.423293985892087	0.022458567986081243
8.700512934825383	-5.423229133244604	0.0225155612026656
8.776615191367455	-5.423150459770113	0.022576280899650632
8.835027742083184	-5.423086085356772	0.02259758356869458
8.891840982309077	-5.42301980452612	0.022658838836152786
8.950882005679887	-5.422949231695384	0.022699850510651442
9.003107119526248	-5.4228843823075294	0.022726481064306497
9.056321191892494	-5.422815720550716	0.022753115217941537
9.110519456968177	-5.422744191717356	0.02278081429226023
9.167378474608995	-5.422666946891695	0.022809573633844976
9.220767068560235	-5.42259208066389	0.022829813675201267
9.293993043422233	-5.422536288853735	0.023163242780485028
9.351008464407641	-5.422453799284995	0.02365166616129185
9.42848591832444	-5.422283087391406	0.023871643841649477
9.484378863649908	-5.422148146200925	0.023928635060763356
9.55936150602065	-5.421962179709226	0.02396911205935828
9.621689845109358	-5.421803868375719	0.02404155270818091
9.674978304072283	-5.421665590256453	0.024088422687515418
9.740253497264348	-5.421493447385728	0.024130501848705927
9.794229555642232	-5.42134896479547	0.024154468111736153
9.854421663389076	-5.421184937004	0.0241880260457818
9.905880022211932	-5.421043791342527	0.024210396389774555
9.960065889754333	-5.420893111266196	0.02423383132390735
10.0140915394295	-5.420741002541035	0.024251410092088758
10.070449878461659	-5.420581737533212	0.024269517919168856
10.126260804885533	-5.420421519782394	0.02428283279654641
10.176841784850694	-5.4202751270495355	0.024294018049342166
10.22804742003791	-5.42012683628127	0.02430413905722455
10.278241206309758	-5.419980445411056	0.024312130941358392
10.328914689831436	-5.419830717146397	0.02431905356820769
10.381059695733711	-5.419679557904601	0.024324382262093713
10.432261515758	-5.41952840378508	0.02433183665212747
10.48262600961607	-5.419379628729075	0.024338229722307272
10.53335385385435	-5.419228948187083	0.024339292156484275
10.599902202258818	-5.419088758993894	0.024668459834133256
10.656334924453404	-5.418919960502535	0.025177125704550416
10.732048083795235	-5.418643390294164	0.02545675592161717
10.81202702515293	-5.41830770066008	0.02619817793821674
10.918438005901407	-5.417815127409995	0.026471950170118854
11.012332964106463	-5.4173335218802094	0.026562501109003385
11.11003880458884	-5.416827596258372	0.026611500914817347
11.19353108573705	-5.4163898611441255	0.02670524393489867
11.269893694552593	-5.415988362394273	0.026792596861831698
11.327694940264337	-5.415681280195713	0.02680964259254438
11.390039491117932	-5.4153474974446	0.02689006973315688
11.482299853581935	-5.414847768843174	0.026959845182804854
11.543009807122871	-5.414514459203929	0.026984342760143668
11.597415017837193	-5.414214055985212	0.027038140323120574
11.656077433086466	-5.41388503741473	0.027090339796024664
11.708726932178251	-5.413588918279856	0.02712442903193063
11.761567164794542	-5.4132894654758275	0.02716224419669405
11.818792391219176	-5.412717737257481	0.022479342468970615
11.874036836554296	-5.413219847716391	0.019668642333331425
11.92684178322088	-5.413836874533445	0.009238105122139018
11.979728747508489	-5.41448489902541	0.00844181852920868
12.032209444558248	-5.415183940436691	0.008709733391917019
12.093736697454005	-5.416006961837411	0.008932907645912013
12.156338738976046	-5.416803278494626	0.00958644640584768
12.217361498565879	-5.417548574972898	0.009941710928835643
12.28942780487705	-5.418400205671787	0.01014517636745188
12.386840867460705	-5.419515053741634	0.010398177458345401
12.445394563430455	-5.420172612648457	0.010551042637891712
12.501248408225365	-5.420794881414622	0.010634666478240764
12.613498735358007	-5.422008431982249	0.010831740439344307
12.668694545514882	-5.422594940755516	0.010831740439344307
12.77145772014046	-5.423679748084396	0.010935071353401282
12.823576021299232	-5.424228588119149	0.010953179637622443
12.907547046313994	-5.42511025769636	0.010971289918679324
12.995144892600365	-5.426024833228439	0.011041597273303722
13.063466121151578	-5.426734366454184	0.011110839611033194
13.11841588106472	-5.427303233649582	0.011177419331622055
13.202466059592552	-5.428171074483544	0.011238670120133831
13.255507518420927	-5.428731361869723	0.011417103036914579
13.308541345759295	-5.429282106924802	0.011598197737358939
13.384019899531268	-5.4300421862863	0.011871437705253403
13.492000628379174	-5.431075492408127	0.011968377439152394
13.574745227466337	-5.431859890930355	0.012006193635298715
13.65250210755039	-5.432593262754381	0.012059456616633754
13.715337801259011	-5.433183111716062	0.012142548019101949
13.77561383228749	-5.433746731840074	0.012187289636990967
13.855511713365559	-5.43448773631826	0.012252803486768115
13.906183290644549	-5.434955990407616	0.012297011585624884
13.957243968034163	-5.435424722731113	0.012334828950420627
14.01429181045387	-5.435945905279368	0.012366252214307316
14.084930468408857	-5.436586773488671	0.01241685376836427
14.140042352140881	-5.437084595672786	0.012449344162023078
14.199740459094755	-5.4376200824044645	0.012478105949324456
14.259270716574974	-5.437207619193941	0.025237310269968033
14.310309458523989	-5.437044539488852	0.025364077137570308
14.380622912955005	-5.43680421076715	0.02552653066878646
14.432052661431953	-5.436621584463865	0.02595210518456454
14.496922540594824	-5.436353124212474	0.026211495730695634
14.558493661985267	-5.436064639594406	0.026470889110467685
14.608806658070534	-5.4358038092032075	0.02688687475235241
14.699380923761055	-5.435311233624816	0.02695558247225712
14.75509076169692	-5.4350060620345175	0.026993399909019018
14.805960703699384	-5.434724248945713	0.027027488512134223
14.863217402715236	-5.434405245818198	0.027088741510463088
14.918547677923925	-5.434093872550875	0.027116970014539964
14.991468476713635	-5.433681403752416	0.02719952963962999
15.055496264365502	-5.4333142433315516	0.027228291594620313
15.12159638479352	-5.432932773139328	0.027290075470795552
15.182775545516051	-5.432576097082347	0.027314577466630054
15.24235634750221	-5.43222419032827	0.027357186106549764
15.309809733938891	-5.43182460218668	0.02738808008463611
15.368197490111925	-5.431476035155356	0.027415778361845475
15.450295496033505	-5.431031147949398	0.027758262494468614
15.542133378505241	-5.430443205405027	0.02825201163968902
15.619968461687677	-5.429912008345127	0.028296216987354728
15.673163463012315	-5.4295467510819435	0.028377711798632257
15.732753802207299	-5.429135717451572	0.028387296116262808
15.797177362488583	-5.428687491919845	0.02845121390327208
15.860120821511373	-5.42956820782274	0.010294313551782515
15.912765551474877	-5.430141844321042	0.00896060311958456
15.969911624328233	-5.430832305457443	0.008967527507755183
16.02055554551771	-5.431458390317857	0.008987767948931542
16.08032994408859	-5.4323138375766575	0.009008007287754067
16.13128857628908	-5.432085433509201	0.01850910110946012
16.19160084676696	-5.432288566138595	0.018555973463128612
16.24895482166903	-5.432484068442136	0.019050256453545928
16.324316073791124	-5.432669082190841	0.019212707574640178
16.383178758667782	-5.432801166083664	0.019264372715956907
16.444942523434293	-5.4329361082054675	0.019306984672636786
16.51177029730752	-5.433078207075596	0.01933468158824149
16.57274823274929	-5.433206000830978	0.019369834403234427
16.635768938227557	-5.433349050115794	0.0194806226706219
16.701206255238503	-5.433500212151557	0.019709122173792386
16.763431598315947	-5.433604632969946	0.019877431486483
16.818117190618068	-5.433691417332739	0.01989447818620483
16.880394029372837	-5.433786789886653	0.019951466584922833
16.94732480146922	-5.433885971549898	0.01999194871444758
16.99976544477977	-5.43396226502955	0.020015387504232797
17.054742860724218	-5.4340395126491785	0.02004095268883549
17.105283785320353	-5.434108654502779	0.020058529117935583
17.162214326672256	-5.434185424353927	0.020076106791184666
17.2157364373561	-5.434256948996335	0.02009101916351857
17.267919589590747	-5.433310428634286	0.033869146493278254
17.320489930687472	-5.432120238896459	0.04422085486186993
17.37089543498587	-5.430590069387108	0.05271793777970693
17.430313159129582	-5.427797711454332	0.11897420317148527
17.487159776384942	-5.420349993277341	0.1490870850115623
17.537649202975444	-5.414071478880942	0.1509406546426104
17.591053058044054	-5.407190240453929	0.15110310214917147
17.648159076226875	-5.39976398088038	0.15113560860797903
17.703376818681136	-5.391367354430258	0.17364355292056088
17.75871853879653	-5.38202515989542	0.19062759569633794
17.80803303734865	-5.372761645819992	0.20741671707458734
17.858987857121974	-5.361787715461105	0.2308674253664917
17.90974431030918	-5.349025646224618	0.26249992256308513
17.962667514453642	-5.335046209860593	0.2737975809837077
18.01765446725767	-5.320786395575851	0.2823820114345167
18.066003846935928	-5.30584041075781	0.31184514187061135
18.113294649636373	-5.289594571571797	0.3400293329238243
18.163103152182885	-5.270964544266462	0.3759564749084152
18.21257786860224	-5.249899781309068	0.4185148382778338
18.260232972796075	-5.22796050645411	0.4473131699560259
18.30745701806154	-5.202449243050069	0.5051075855224443
18.354333925817627	-5.174664896912873	0.5471610435943309
18.401622820296325	-5.145359916146845	0.5710676859464355
18.447055865137372	-5.115142737049609	0.5993679987085486
18.49162106658332	-5.0864361873827875	0.604946193897338
18.532329608569853	-5.057062544859946	0.6315900896454785
18.57856755296234	-5.021468083374202	0.6686356852412677
18.618461657781154	-4.989779867231846	0.6916731388688115
18.658653307764325	-4.957923331297934	0.6935863907533163
18.710702945361845	-4.912854589521885	0.7254814294967398
18.76115422404837	-4.866325774695724	0.7617398552212364
18.803140687348787	-4.824796597007662	0.8016691299300814
18.841838884865865	-4.783846295904368	0.8372457577374474
18.877739000017755	-4.743847287725657	0.8571544968647143
18.910757112898864	-4.704897319898009	0.8824454548690869
18.943065690342337	-4.66444150544703	0.9175326217806545
18.978561449039262	-4.617205062415451	0.9469216919386978
19.009592104819603	-4.571232239250094	1.0086948061142351
19.041647006641142	-4.5166710978373885	1.0501238034267595
19.070493747130968	-4.4659408708103	1.0813500333208734
19.09478955331724	-4.422189153265208	1.0893992679164677
19.1209660054883	-4.374854962341487	1.0918131544223304
19.14511685341131	-4.3262185216881335	1.1226513736321888
19.167871523997746	-4.279127040412277	1.1384396610868774
19.190370606957003	-4.229132093954831	1.1625818373419436
19.21087842131965	-4.181427396833897	1.1836570315120987
19.24458699382376	-4.101601041387767	1.1923181032532904
19.264213611197192	-4.052992262877524	1.2043455134761802
19.282194185769185	-4.0056981216184795	1.220161492524194
19.299385119054932	-3.9575072904117405	1.2466345430279442
19.31637387268711	-3.9070698395371437	1.2673003046985265
19.330858279077802	-3.8534497381187975	1.31307173949727
19.34201626922004	-3.8034745855256915	1.3618202726653839
19.350009967398364	-3.7532981978729367	1.4232105031782412
19.355333376908675	-3.701215901877731	1.477393124057377
19.357646989868954	-3.6489352392964065	1.5390035934755393
19.35973744466901	-3.5979296336881816	1.5495774003240739
19.362222720636055	-3.540828148368746	1.5498140196676755
19.36500172666274	-3.475905576720834	1.550418923778636
19.368310975492932	-3.396836200263351	1.5508822685733195
19.370729495829437	-3.3384052864275873	1.5509336886159244
19.372861910960637	-3.2867218628525734	1.5509831434822163
19.3757133964682	-3.2176517620682716	1.5510628321097737
19.378282595658675	-3.1554159312509	1.5511062181348074
19.38015942531638	-3.103496469091624	1.5648276964921821
19.381164597929455	-3.0411118641495705	1.5711879314062216
19.382629442261532	-2.9738246579654515	1.571372826574833
19.38375287153758	-2.9202982555143535	1.571412226605593
19.384906817576848	-2.8648594999685884	1.5714340944129181
19.386077929171734	-2.8085235715843737	1.5714553781844678
19.386917162046302	-2.754190363455564	1.5739697188572705
19.387250948813744	-2.7035440588369966	1.5830288628596345
19.386987734702416	-2.652977149002254	1.594972712513911
19.386882831167895	-2.58942071441561	1.595238558325629
19.386682558688335	-2.512724793050438	1.5957081997533138
19.386436511122156	-2.4388627209700644	1.5963601073638096
19.386146594537422	-2.3668686551973224	1.5965204963342348
19.385858584137168	-2.299619593657553	1.5966387560659296
19.385532426880673	-2.225449718069285	1.596705774988402
19.385131884366274	-2.1344734830781817	1.596770720111882
19.384824800421484	-2.0669097076170146	1.5968337187901231
19.38447384821484	-1.9905100273899734	1.596882788314128
19.384212541219313	-1.9337975163944066	1.5969540342880897
19.383985567372292	-1.8784953742288053	1.5970813539088535
19.383688020228874	-1.812483589630574	1.5975113061422097
19.383394289994612	-1.7537867198698223	1.5977514061955356
19.383022357476875	-1.684977451339364	1.5980777361844158
19.38243298488669	-1.5824290909804404	1.5984218243169965
19.382125903153792	-1.5311890048906207	1.5984218243169965
19.381771135143936	-1.4729812531732023	1.5985755394915862
19.38138966553379	-1.4112385897897184	1.5985755394915862
19.380989122844767	-1.3484814525581896	1.5989120328786763
19.38057141250465	-1.284476675093174	1.5989120328786763
19.379596758284606	-1.139614023733884	1.5993306843999193
19.37847333040554	-0.9832651996985078	1.5994876692732296
19.37796025327407	-0.9127228669822216	1.5994959102298074
19.376779603771865	-0.7511597680859268	1.5995372680729474
19.376289414882194	-0.6839353810064495	1.599607209486414
19.37547307170462	-0.5734644904732704	1.5996544787831313
19.374631929094903	-0.46077651577070355	1.599702303757724
19.374034930835478	-0.38143632421270013	1.5997657636349178
19.37360196118243	-0.32379061495885253	1.599802494736159
19.372509050066583	-0.17949347803369164	1.5998376192477888
19.37208562035812	-0.12414180673658848	1.5998376192477888
19.371603059698828	-0.060487271286547184	1.599891095246886
19.371152926934883	-0.0020532342605292797	1.5999442564924302
19.370668460032903	0.06074888911098242	1.5999619237624465
19.370231676322874	0.11706395307555795	1.5999969604766713
19.36936001922004	0.1901748995296657	1.5884416687724496
19.37010769790504	0.32171516865491867	1.5832883321785878
19.370605515898205	0.38001694390550256	1.5810613661007369
19.371608782792464	0.44657238479703665	1.5806735579095152
19.372381257941015	0.523008132353425	1.5805553797761163
19.373407413018867	0.6066095447167754	1.5805745602932078
19.374475527263712	0.6941102361306548	1.5806651193174497
19.37508969299961	0.7480755071155727	1.5806799971790217
19.375936556316447	0.8190530156716704	1.5807813266526227
19.376676607178524	0.8844664907082915	1.580829150184902
19.376676606887486	0.938162705861032	1.5915595656075439
19.37666707090102	1.0023694839328527	1.5926291235747199
19.37668042263249	1.0633173803798854	1.5927589928675867
19.3765888697817	1.1149346455931664	1.5927814817729544
19.376598407397978	1.172820769250393	1.5927542811756836
19.37657170346938	1.229040466248989	1.592932641355423
19.376527833403088	1.2835715636610985	1.5931163283625427
19.37646107689943	1.3514214381575584	1.5933001371734195
19.376392411766574	1.4156221956945956	1.593370468307526
19.37633900740184	1.4734780443832278	1.593430525129381
19.376304674777202	1.5244835228659213	1.593651195237638
19.37624554685317	1.5802327007986605	1.5938631453449632
19.37608342175372	1.6840045051649213	1.5941993415819025
19.375986147322692	1.7341689700260758	1.5945955871239756
19.375869798939675	1.787329516839236	1.5945955871239756
19.375745821918827	1.8407098869793117	1.5947554409245572
19.375614214572124	1.8967407546006143	1.5949066208825977
19.375461626739707	1.9566750158555806	1.5950727467445558
19.375295687408652	2.018286071717739	1.5950727467445558
19.375108767999336	2.08408006420359	1.5954180773610644
19.374906588695012	2.1489876117557287	1.5954840002402408
19.37470250145998	2.21178587526083	1.5954840002402408
19.37450032378547	2.2734030121937394	1.5955810906094092
19.37430195865454	2.332046589348465	1.595624726406406
19.37409405875951	2.393922173883766	1.595624726406406
19.373901415383443	2.449813445098698	1.595662856461216
19.37323575175833	2.6410759300924838	1.5957535276048256
19.37305455340538	2.6925791120156646	1.5957535276048256
19.372802783560473	2.762785037048161	1.595875542236263
19.372457552235574	2.857116302475333	1.5959282675208668
19.37224011553917	2.916221223305911	1.5960134283400962
19.37196545576444	2.990472157485783	1.5960607623453797
19.371681262622587	3.065017064101994	1.5961177949259602
19.3714504733216	3.124493680894375	1.5961434502682224
19.37119488720782	3.19018896529451	1.5962200563485807
19.370893525891006	3.2655237521976233	1.5962776808687236
19.370660830812994	3.323826395906508	1.5963030426894766
19.370426226756535	3.3802774753421545	1.5963404487678847
19.369106341851875	3.439122520852834	1.6113404018572124
19.36670117545873	3.496796213556081	1.6320663125945276
19.363468219176866	3.553862888365984	1.6498560829991744
19.35910229757428	3.606023395434022	1.6789101100162658
19.353124666202348	3.6581066492944956	1.7027273862640853
19.34542279248126	3.711404644884169	1.7282984237450862
19.33616833668202	3.7679496644996107	1.7712227321890774
19.323370027646888	3.8182590822689235	1.8475499024118465
19.307991076435428	3.877506577409804	1.8564049134081182
19.292169618303888	3.9277494736015797	1.8849831898149798
19.27548222709447	3.983217084314674	1.8867106896030792
19.259744693292305	4.031892382539809	1.9031385919736354
19.242904711165465	4.080603205598891	1.918909931930824
19.224958467762917	4.128708922769874	1.9483791144804594
19.205154466617387	4.177110753487796	1.9721190235670072
19.18503193987999	4.22417935077101	1.9916370190811927
19.163518953486346	4.27212246414274	2.0109143795270943
19.137098360341042	4.3266731118783355	2.037585588083328
19.110773135675117	4.382208428345621	2.038350635984957
19.086895038140938	4.427111229393631	2.0660157477734153
19.056715058744885	4.481685241218656	2.0967259893311425
19.030496644671075	4.5266610025428236	2.1206821694781364
19.00201802252559	4.570849025156349	2.1547607906872988
18.972980547172483	4.613781531807035	2.1811694464772553
18.94344525411725	4.6548601016402245	2.2122740104320995
18.912155198457185	4.694553456269205	2.256344368453333
18.877725649392232	4.733083329629153	2.3096769472277026
18.840528535540216	4.775166117120534	2.3160083138579903
18.802499820187222	4.816316687501967	2.3418813016054383
18.76179509202484	4.85832746932283	2.353195144742166
18.721105624572374	4.896023354958743	2.405623927911968
18.680650758440606	4.931279262993485	2.439969580651969
18.641195344389416	4.9632154307328165	2.4767854878831397
18.599506425322033	4.997411332093179	2.4775896259589034
18.557725955499336	5.030604443978518	2.493090987866542
18.516096164355986	5.059621415566653	2.5425694302072643
18.474683810956776	5.088710387703031	2.5730445492543152
18.42675976816099	5.117911420762539	2.5999140529053033
18.375606586108916	5.147113881539553	2.63990515375563
18.331779527827166	5.171405395958573	2.65946048668973
18.278289842128288	5.19698580307886	2.703689538126039
18.22636609186884	5.220017515588552	2.7372212391697435
18.167972612543963	5.246554930694401	2.7380243036325305
18.120052385667805	5.268656812608242	2.7381653885140778
18.064212847617455	5.290146433282644	2.7824961879064243
18.017164279299323	5.307684023864567	2.8025340765586537
17.968727160594426	5.3231955375522375	2.8337621600741887
17.918996859691106	5.337203107308596	2.883503671915013
17.866706896631513	5.349934660829604	2.917064163021775
17.815633821184747	5.362735352944583	2.919848692981123
17.76378254953306	5.374776448588818	2.934112030889372
17.713542985613458	5.385480960831046	2.951123940569977
17.662591981701553	5.393263900652528	3.000807305677763
17.61155514861457	5.398886762093753	3.0413634831034004
17.554906893346924	5.405747020617127	3.043168535985769
17.49552159407176	5.411227305419743	3.0757715678970166
17.444543887046166	5.415330013725907	3.08962678726119
17.381511735613458	5.418807589448988	3.1009662118111954
17.330772448331118	5.421037755906582	3.126379012967512
17.278347064740956	5.4224348878487945	3.132144452217101
17.221332598594017	5.424185355659574	3.132197618515492
17.164526035019662	5.424707492347807	-3.134674851529886
17.112598467152566	5.42548283142969	-3.134641710995378
17.06207661575172	5.426212870981544	-3.134632173920254
17.011718797381036	5.426735958084464	-3.1304617563630197
16.9596977714682	5.427279551047832	-3.130128685431518
16.909486817894503	5.42776258662343	-3.1280537293249866
16.846294450981077	5.428004347253591	-3.125041550290816
16.775474596768618	5.428367220796645	-3.12480241631507
16.700473833014257	5.428693373221904	-3.124523466094568
16.619566012755968	5.429045279510319	-3.1244402574461354
16.528385209850967	5.429470142349601	-3.1243923364010406
16.46217541670194	5.429761013481766	-3.12383872621457
16.398550082114525	5.430010878480971	-3.12383872621457
16.32419018901419	5.430275520309806	-3.1234014688905067
16.231002856511623	5.430561622604728	-3.12310558896745
16.137472200149205	5.4308362836018205	-3.1230693496819297
16.057443666737527	5.431068025063723	-3.1230161797314473
15.940123606123962	5.431402287445962	-3.1229117553297434
15.862154055619612	5.431618295609951	-3.1228478578744934
15.787235309253447	5.431836211122572	-3.1227007580894655
15.681963014183566	5.432133279275149	-3.1224396874548974
15.614147233660333	5.432296835817397	-3.122154778406397
15.56323628500104	5.4324074620381	-3.1219886008749502
15.442475366755389	5.432644922751933	-3.1216760326427053
15.324967432767153	5.4328432865440845	-3.1215077055899667
15.26316456933273	5.432934841141105	-3.1213372380263174
15.125576067017391	5.433107458986342	-3.1211684368319057
15.048922587011475	5.4331875666975975	-3.120923105304475
14.977246332913637	5.433232866227627	-3.120923105304475
14.82369904476218	5.433336339425296	-3.120817250248359
14.673074770427775	5.43343075318262	-3.1207259337843234
14.597450304427184	5.433475100435317	-3.120702330939184
14.521787690813653	5.433516106568277	-3.120702330939184
14.447737742797472	5.433553779963404	-3.1206544090409154
14.372805643943138	5.433588587213308	-3.12058264440434
14.29585080279503	5.433621483389288	-3.12058264440434
14.217107821023092	5.433652004227042	-3.12048703912862
14.081483888614457	5.433696828316897	-3.12048703912862
13.993892717873678	5.433721148874611	-3.1204155132279103
13.899724055314437	5.433742125052959	-3.1204155132279103
13.768525171442889	5.433764063287526	-3.120248622203917
13.692233133944683	5.433773599565029	-3.120224475077225
13.610442209173925	5.433777886908501	-3.120176555559761
13.465690661745612	5.43377979984507	-3.120105028960118
13.387585688848048	5.433775985613465	-3.120057341403519
13.23112015845254	5.433758339378983	-3.1199617395797494
13.16588025225792	5.433747850358486	-3.1199617395797494
13.00444512401009	5.43371065845713	-3.1198420520978747
12.922004747961182	5.433686334639788	-3.1198420520978747
12.86340527550783	5.433666788972914	-3.1197705256634713
12.787550973705947	5.433639129158109	-3.11974644561565
12.706362772965804	5.433605752885342	-3.1196985270651956
12.562520075473003	5.433538992423564	-3.1196267600443113
12.483833360951394	5.433497512247413	-3.119602920003846
12.335221338784322	5.433409769553691	-3.1195070741251936
12.25771241314942	5.433359226677567	-3.1195070741251936
12.110879946849309	5.433255753945559	-3.1193871512377056
12.031905221403576	5.433195671532303	-3.1193392245397935
11.872010279679671	5.433063113130629	-3.1192674647170606
11.764756250195205	5.43296631379053	-3.119195699843877
11.65431409003213	5.432860454078764	-3.1191241737385496
11.575263071339577	5.432780348695815	-3.1191241737385496
11.503831912530586	5.432705957442522	-3.1191000934107813
11.434031535463873	5.432630145922303	-3.119028091391158
11.349611330544576	5.432534775696695	-3.1189806492669323
11.205862094182521	5.432364545296878	-3.1189088823097113
11.127962161321193	5.432267745025456	-3.1188609595343824
11.032590914168395	5.432144245598465	-3.1188609595343824
10.980922747810837	5.4320755819790065	-3.1188130378123837
10.904928256408311	5.431971629150212	-3.118741035856438
10.736928989179432	5.431731780990958	-3.1186456696665616
10.678584147244692	5.431644999422133	-3.1186456696665616
10.526885081431828	5.431411822792143	-3.1185500644641664
10.449130106891971	5.431286414619535	-3.1185500644641664
10.366517114336602	5.431150515563786	-3.118454456257334
10.29278569179587	5.431026539765298	-3.118430616175499
10.228880930517334	5.43091591540724	-3.118430616175499
10.075952579034492	5.430643640458584	-3.1183111647901587
10.000271846074611	5.4305039257742465	-3.1182632471598586
9.850065279053524	5.430218300316483	-3.1181914826339474
9.771320391795598	5.430063329637051	-3.1181437973874466
9.613001870631706	5.429742891807109	-3.1180720337886347
9.549805690243375	5.429610814433545	-3.1180720337886347
9.393771219765767	5.429277022369206	-3.117928507053102
9.320065545733087	5.4291148986667395	-3.117928507053102
9.172310878406279	5.428781116381288	-3.1178808225617822
9.079567004577257	5.42856510868296	-3.1178328990955557
8.99962525384035	5.428375325165689	-3.1177434897283893
8.940287637640722	5.428230366669595	-3.1177434897283893
8.8638811603887	5.428042970597744	-3.117668391789509
8.80174927803455	5.427888948470354	-3.117668391789509
8.677839328360278	5.427577099297196	-3.1175971042591923
8.580331850564107	5.4273267621174455	-3.117543935149439
8.518451738345902	5.427165588364005	-3.117509127485731
8.445605325745419	5.426973422523588	-3.1174914852993356
8.335584689571988	5.426679690834135	-3.1174037464024416
8.280846643378027	5.42653044173494	-3.1173861018779094
8.197096871968824	5.426298224367201	-3.117351296195373
8.129522370873019	5.42610987322405	-3.1172814375461235
8.07022385566961	5.425942023284733	-3.117246628371514
8.012539912364446	5.4257756089791656	-3.117211337190978
7.9603996752994135	5.425623974297196	-3.117160795548441
7.890581655490678	5.425417982041836	-3.117097379459461
7.83677105861716	5.425255856476724	-3.1170542221157405
7.758438158023637	5.425016006920487	-3.1169917587969627
7.692509223241359	5.4248090595938265	-3.116940257974365
7.635186243685894	5.424626907333732	-3.116898773382917
7.584438849880826	5.424462879542261	-3.116864681860286
7.532171298225876	5.424291216768324	-3.116831303040294
7.473341990320478	5.424094759393483	-3.1168012626306063
7.422042894293554	5.423922617919743	-3.1167745571029424
7.366785573307425	5.423735221847892	-3.1167564378829495
7.316249419469386	5.423563085030764	-3.1167342654919175
7.225918818032369	5.4232998681254685	-3.1163847433929663
7.165492105006706	5.423091970849782	-3.1158847822337865
7.105786370986607	5.422854983247817	-3.1154999714033083
6.970353650802281	5.422234617173672	-3.1149811722346774
6.914468337490689	5.42195614380762	-3.114821909450209
6.863076735229697	5.421694358345121	-3.1147367915136064
6.799697446636856	5.421363434288651	-3.114564178061789
6.707588721998036	5.420864187180996	-3.1143906083635264
6.6044774542097	5.420281490311027	-3.1143906083635264
6.495578813832253	5.419640144798905	-3.1140477634798844
6.432096052449197	5.419253908563405	-3.1138005206017993
6.354057837859727	5.418752749916166	-3.1137478344308853
6.277770566870458	5.418263040017337	-3.1137101682418256
6.165905524336267	5.417535864282399	-3.1136960997400904
6.100890685338527	5.417114812415093	-3.1136960997400904
6.040467786602676	5.416719992179424	-3.113640545113284
5.968976546195336	5.416252218186855	-3.1135878533600607
5.864957381389104	5.415568430442363	-3.1135349285481215
5.722212839289568	5.414621910080314	-3.1134996393137544
5.615844297921285	5.413910948205739	-3.113429549546012
5.536414670757949	5.413376889657229	-3.1133763758088735
5.43684058135841	5.412701684515923	-3.113306043012696
5.37641053146217	5.412289700936526	-3.113271236563599
5.31304268859094	5.411855779122561	-3.113218783600208
5.232663201750256	5.411300742067397	-3.1131665680416885
5.175483274913859	5.410903535783291	-3.113132476364372
5.111551332171075	5.410456737503409	-3.113083600364197
5.026566076965537	5.40985783142969	-3.1129965764326353
4.9645376681583	5.409417233429849	-3.1129477004440567
4.8975434776511975	5.408936102874577	-3.1129057390187227
4.831077624228783	5.408455928321928	-3.1128473274100545
4.780541945481673	5.4080873359926045	-3.112814424235781
4.729555179248564	5.407714448869228	-3.112783193350703
4.672289895941503	5.407292447052896	-3.112754105007725
4.621773768856656	5.406917654443532	-3.112734077678538
4.567768621374853	5.406515678390861	-3.112708564021443
4.516624499461614	5.406133255921304	-3.112689254875483
4.462295103352517	5.40652378462255	-3.1220105326750587
4.408833075198345	5.4069662895053625	-3.1295962960026626
4.350629378692247	5.407537064515054	-3.1293612171103207
4.287808466469869	5.4081507553346455	-3.12902957597547
4.180699874064885	5.409105380065739	-3.1284974249163384
4.105322884977795	5.4097123965620995	-3.128063265862322
4.0423074252321385	5.410212121438235	-3.127994124699881
3.9636130820726976	5.410829626489431	-3.1279574081717394
3.9013052462833	5.411315043922514	-3.1278782531016915
3.821862268843688	5.4119311212562025	-3.127812448773089
3.7553587435395457	5.412441812455654	-3.1277681021329586
3.6915796290850267	5.412928184028715	-3.127706353687507
3.641442346444819	5.413308226503432	-3.1276782194567314
3.5835700513562188	5.413744056131691	-3.1276381669331697
3.521135140734259	5.414211831986904	-3.1276117011126967
3.4701796058216132	5.414591392502189	-3.1275869070841003
3.417359162704088	5.415005289018154	-3.1274214434606584
3.3538671013666317	5.415503105614334	-3.1269896672107707
3.2990959167364053	5.415902217850089	-3.1267359895744162
3.240019369404763	5.416304670274258	-3.1264877970300153
3.1760633471421897	5.416706642601639	-3.1261792823918864
3.089871693693567	5.417221152689308	-3.1261397045825614
2.9951329707400873	5.417784770950675	-3.126033368896713
2.9143002522177994	5.418260178528726	-3.1259997529078833
2.8260229111183435	5.418776115868241	-3.125896040138635
2.750252294994425	5.419213376007974	-3.1258352450462272
2.69398503418779	5.419553363695741	-3.125728907804415
2.641900348593481	5.419865212868899	-3.125654760835572
2.5844996453961357	5.420190890785307	-3.125250405006282
2.4877291213488206	5.420683942735195	-3.125047985873543
2.4074695601593703	5.421068272553384	-3.12490493526341
2.2891266819788143	5.421627125702798	-3.1247919228160184
2.2204428193508647	5.421947563067079	-3.124741856825872
2.1703062545275316	5.422179781831801	-3.124695365671972
2.1063306817086414	5.422472080215812	-3.124640050973694
2.032514858059585	5.422805866226554	-3.124603574030879
1.9684095868142322	5.423091492149979	-3.1245330007044947
1.9126592156244442	5.423337063752115	-3.124501054324641
1.8441149488207884	5.423634610604495	-3.124450747562688
1.7914089444093406	5.423861583229154	-3.124421659859106
1.728714514116291	5.424128137063235	-3.124388756116464
1.669733572693076	5.424408516846597	-3.124135558814751
1.6192008731304668	5.424631676636636	-3.123848028288436
1.5651357645983808	5.424838148988783	-3.1237798381534096
1.5148324248730205	5.425018389709294	-3.123663727227951
1.4504896877333522	5.425245366524905	-3.1236189061466417
1.394130874890834	5.42544134426862	-3.1235683601470536
1.341814805753529	5.4256206401623785	-3.1235354587507467
1.2725304852356203	5.425854288507253	-3.1234896820984996
1.211907792952843	5.42605742206797	-3.1234660789671853
1.158190536487382	5.426233848091215	-3.123434132439685
1.105046201380901	5.426407893188298	-3.1234126729513485
1.0507691380335018	5.426583372987807	-3.1233978927768375
0.997239101328887	5.426755508873612	-3.123379053490137
0.9463841210817918	5.426913818810135	-3.1233075296252766
